-18.849541 	 0.000001
-18.839540 	 0.010000
-18.829540 	 0.020000
-18.819540 	 0.030000
-18.809540 	 0.040000
-18.799540 	 0.050000
-18.789539 	 0.060001
-18.779539 	 0.070001
-18.769539 	 0.080001
-18.759539 	 0.090001
-18.749538 	 0.100002
-18.739538 	 0.110002
-18.729538 	 0.120002
-18.719538 	 0.130002
-18.709538 	 0.140002
-18.699537 	 0.150003
-18.689537 	 0.160003
-18.679537 	 0.170003
-18.669537 	 0.180003
-18.659536 	 0.190004
-18.649536 	 0.200004
-18.639536 	 0.210004
-18.629536 	 0.220004
-18.619535 	 0.230005
-18.609535 	 0.240005
-18.599535 	 0.250005
-18.589535 	 0.260005
-18.579535 	 0.270005
-18.569534 	 0.280006
-18.559534 	 0.290006
-18.549534 	 0.300006
-18.539534 	 0.310006
-18.529533 	 0.320007
-18.519533 	 0.330007
-18.509533 	 0.340007
-18.499533 	 0.350007
-18.489532 	 0.360008
-18.479532 	 0.370008
-18.469532 	 0.380008
-18.459532 	 0.390008
-18.449532 	 0.400008
-18.439531 	 0.410009
-18.429531 	 0.420009
-18.419531 	 0.430009
-18.409531 	 0.440009
-18.399530 	 0.450010
-18.389530 	 0.460010
-18.379530 	 0.470010
-18.369530 	 0.480010
-18.359529 	 0.490010
-18.349529 	 0.500011
-18.339529 	 0.510011
-18.329529 	 0.520011
-18.319529 	 0.530011
-18.309528 	 0.540012
-18.299528 	 0.550012
-18.289528 	 0.560012
-18.279528 	 0.570012
-18.269527 	 0.580013
-18.259527 	 0.590013
-18.249527 	 0.600013
-18.239527 	 0.610013
-18.229527 	 0.620013
-18.219526 	 0.630014
-18.209526 	 0.640014
-18.199526 	 0.650014
-18.189526 	 0.660014
-18.179525 	 0.670015
-18.169525 	 0.680015
-18.159525 	 0.690015
-18.149525 	 0.700015
-18.139524 	 0.710016
-18.129524 	 0.720016
-18.119524 	 0.730016
-18.109524 	 0.740016
-18.099524 	 0.750016
-18.089523 	 0.760017
-18.079523 	 0.770017
-18.069523 	 0.780017
-18.059523 	 0.790017
-18.049522 	 0.800018
-18.039522 	 0.810018
-18.029522 	 0.820018
-18.019522 	 0.830018
-18.009521 	 0.840019
-17.999521 	 0.850019
-17.989521 	 0.860019
-17.979521 	 0.870019
-17.969521 	 0.880019
-17.959520 	 0.890020
-17.949520 	 0.900020
-17.939520 	 0.910020
-17.929520 	 0.920020
-17.919519 	 0.930021
-17.909519 	 0.940021
-17.899519 	 0.950021
-17.889519 	 0.960021
-17.879519 	 0.970021
-17.869518 	 0.980022
-17.859518 	 0.990022
-17.849518 	 1.000022
-17.839518 	 1.010022
-17.829517 	 1.020023
-17.819517 	 1.030023
-17.809517 	 1.040023
-17.799517 	 1.050023
-17.789516 	 1.060024
-17.779516 	 1.070024
-17.769516 	 1.080024
-17.759516 	 1.090024
-17.749516 	 1.100024
-17.739515 	 1.110025
-17.729515 	 1.120025
-17.719515 	 1.130025
-17.709515 	 1.140025
-17.699514 	 1.150026
-17.689514 	 1.160026
-17.679514 	 1.170026
-17.669514 	 1.180026
-17.659513 	 1.190027
-17.649513 	 1.200027
-17.639513 	 1.210027
-17.629513 	 1.220027
-17.619513 	 1.230027
-17.609512 	 1.240028
-17.599512 	 1.250028
-17.589512 	 1.260028
-17.579512 	 1.270028
-17.569511 	 1.280029
-17.559511 	 1.290029
-17.549511 	 1.300029
-17.539511 	 1.310029
-17.529510 	 1.320029
-17.519510 	 1.330030
-17.509510 	 1.340030
-17.499510 	 1.350030
-17.489510 	 1.360030
-17.479509 	 1.370031
-17.469509 	 1.380031
-17.459509 	 1.390031
-17.449509 	 1.400031
-17.439508 	 1.410032
-17.429508 	 1.420032
-17.419508 	 1.430032
-17.409508 	 1.440032
-17.399508 	 1.450032
-17.389507 	 1.460033
-17.379507 	 1.470033
-17.369507 	 1.480033
-17.359507 	 1.490033
-17.349506 	 1.500034
-17.339506 	 1.510034
-17.329506 	 1.520034
-17.319506 	 1.530034
-17.309505 	 1.540035
-17.299505 	 1.550035
-17.289505 	 1.560035
-17.279505 	 1.570035
-17.269505 	 1.580035
-17.259504 	 1.590036
-17.249504 	 1.600036
-17.239504 	 1.610036
-17.229504 	 1.620036
-17.219503 	 1.630037
-17.209503 	 1.640037
-17.199503 	 1.650037
-17.189503 	 1.660037
-17.179502 	 1.670038
-17.169502 	 1.680038
-17.159502 	 1.690038
-17.149502 	 1.700038
-17.139502 	 1.710038
-17.129501 	 1.720039
-17.119501 	 1.730039
-17.109501 	 1.740039
-17.099501 	 1.750039
-17.089500 	 1.760040
-17.079500 	 1.770040
-17.069500 	 1.780040
-17.059500 	 1.790040
-17.049500 	 1.800040
-17.039499 	 1.810041
-17.029499 	 1.820041
-17.019499 	 1.830041
-17.009499 	 1.840041
-16.999498 	 1.850042
-16.989498 	 1.860042
-16.979498 	 1.870042
-16.969498 	 1.880042
-16.959497 	 1.890043
-16.949497 	 1.900043
-16.939497 	 1.910043
-16.929497 	 1.920043
-16.919497 	 1.930043
-16.909496 	 1.940044
-16.899496 	 1.950044
-16.889496 	 1.960044
-16.879496 	 1.970044
-16.869495 	 1.980045
-16.859495 	 1.990045
-16.849495 	 2.000045
-16.839495 	 2.010045
-16.829494 	 2.020046
-16.819494 	 2.030046
-16.809494 	 2.040046
-16.799494 	 2.050046
-16.789494 	 2.060046
-16.779493 	 2.070047
-16.769493 	 2.080047
-16.759493 	 2.090047
-16.749493 	 2.100047
-16.739492 	 2.110048
-16.729492 	 2.120048
-16.719492 	 2.130048
-16.709492 	 2.140048
-16.699492 	 2.150048
-16.689491 	 2.160049
-16.679491 	 2.170049
-16.669491 	 2.180049
-16.659491 	 2.190049
-16.649490 	 2.200050
-16.639490 	 2.210050
-16.629490 	 2.220050
-16.619490 	 2.230050
-16.609489 	 2.240051
-16.599489 	 2.250051
-16.589489 	 2.260051
-16.579489 	 2.270051
-16.569489 	 2.280051
-16.559488 	 2.290052
-16.549488 	 2.300052
-16.539488 	 2.310052
-16.529488 	 2.320052
-16.519487 	 2.330053
-16.509487 	 2.340053
-16.499487 	 2.350053
-16.489487 	 2.360053
-16.479486 	 2.370054
-16.469486 	 2.380054
-16.459486 	 2.390054
-16.449486 	 2.400054
-16.439486 	 2.410054
-16.429485 	 2.420055
-16.419485 	 2.430055
-16.409485 	 2.440055
-16.399485 	 2.450055
-16.389484 	 2.460056
-16.379484 	 2.470056
-16.369484 	 2.480056
-16.359484 	 2.490056
-16.349483 	 2.500057
-16.339483 	 2.510057
-16.329483 	 2.520057
-16.319483 	 2.530057
-16.309483 	 2.540057
-16.299482 	 2.550058
-16.289482 	 2.560058
-16.279482 	 2.570058
-16.269482 	 2.580058
-16.259481 	 2.590059
-16.249481 	 2.600059
-16.239481 	 2.610059
-16.229481 	 2.620059
-16.219481 	 2.630059
-16.209480 	 2.640060
-16.199480 	 2.650060
-16.189480 	 2.660060
-16.179480 	 2.670060
-16.169479 	 2.680061
-16.159479 	 2.690061
-16.149479 	 2.700061
-16.139479 	 2.710061
-16.129478 	 2.720062
-16.119478 	 2.730062
-16.109478 	 2.740062
-16.099478 	 2.750062
-16.089478 	 2.760062
-16.079477 	 2.770063
-16.069477 	 2.780063
-16.059477 	 2.790063
-16.049477 	 2.800063
-16.039476 	 2.810064
-16.029476 	 2.820064
-16.019476 	 2.830064
-16.009476 	 2.840064
-15.999475 	 2.850065
-15.989475 	 2.860065
-15.979475 	 2.870065
-15.969475 	 2.880065
-15.959475 	 2.890065
-15.949474 	 2.900066
-15.939474 	 2.910066
-15.929474 	 2.920066
-15.919474 	 2.930066
-15.909473 	 2.940067
-15.899473 	 2.950067
-15.889473 	 2.960067
-15.879473 	 2.970067
-15.869473 	 2.980067
-15.859472 	 2.990068
-15.849472 	 3.000068
-15.839472 	 3.010068
-15.829472 	 3.020068
-15.819471 	 3.030069
-15.809471 	 3.040069
-15.799471 	 3.050069
-15.789471 	 3.060069
-15.779470 	 3.070070
-15.769470 	 3.080070
-15.759470 	 3.090070
-15.749470 	 3.100070
-15.739470 	 3.110070
-15.729469 	 3.120071
-15.719469 	 3.130071
-15.709469 	 3.140071
-15.699469 	 3.133109
-15.689468 	 3.123108
-15.679468 	 3.113108
-15.669468 	 3.103108
-15.659468 	 3.093108
-15.649467 	 3.083107
-15.639467 	 3.073107
-15.629467 	 3.063107
-15.619467 	 3.053107
-15.609467 	 3.043107
-15.599466 	 3.033106
-15.589466 	 3.023106
-15.579466 	 3.013106
-15.569466 	 3.003106
-15.559465 	 2.993105
-15.549465 	 2.983105
-15.539465 	 2.973105
-15.529465 	 2.963105
-15.519464 	 2.953104
-15.509464 	 2.943104
-15.499464 	 2.933104
-15.489464 	 2.923104
-15.479464 	 2.913104
-15.469463 	 2.903103
-15.459463 	 2.893103
-15.449463 	 2.883103
-15.439463 	 2.873103
-15.429462 	 2.863102
-15.419462 	 2.853102
-15.409462 	 2.843102
-15.399462 	 2.833102
-15.389462 	 2.823102
-15.379461 	 2.813101
-15.369461 	 2.803101
-15.359461 	 2.793101
-15.349461 	 2.783101
-15.339460 	 2.773100
-15.329460 	 2.763100
-15.319460 	 2.753100
-15.309460 	 2.743100
-15.299459 	 2.733099
-15.289459 	 2.723099
-15.279459 	 2.713099
-15.269459 	 2.703099
-15.259459 	 2.693099
-15.249458 	 2.683098
-15.239458 	 2.673098
-15.229458 	 2.663098
-15.219458 	 2.653098
-15.209457 	 2.643097
-15.199457 	 2.633097
-15.189457 	 2.623097
-15.179457 	 2.613097
-15.169456 	 2.603096
-15.159456 	 2.593096
-15.149456 	 2.583096
-15.139456 	 2.573096
-15.129456 	 2.563096
-15.119455 	 2.553095
-15.109455 	 2.543095
-15.099455 	 2.533095
-15.089455 	 2.523095
-15.079454 	 2.513094
-15.069454 	 2.503094
-15.059454 	 2.493094
-15.049454 	 2.483094
-15.039454 	 2.473094
-15.029453 	 2.463093
-15.019453 	 2.453093
-15.009453 	 2.443093
-14.999453 	 2.433093
-14.989452 	 2.423092
-14.979452 	 2.413092
-14.969452 	 2.403092
-14.959452 	 2.393092
-14.949451 	 2.383091
-14.939451 	 2.373091
-14.929451 	 2.363091
-14.919451 	 2.353091
-14.909451 	 2.343091
-14.899450 	 2.333090
-14.889450 	 2.323090
-14.879450 	 2.313090
-14.869450 	 2.303090
-14.859449 	 2.293089
-14.849449 	 2.283089
-14.839449 	 2.273089
-14.829449 	 2.263089
-14.819448 	 2.253088
-14.809448 	 2.243088
-14.799448 	 2.233088
-14.789448 	 2.223088
-14.779448 	 2.213088
-14.769447 	 2.203087
-14.759447 	 2.193087
-14.749447 	 2.183087
-14.739447 	 2.173087
-14.729446 	 2.163086
-14.719446 	 2.153086
-14.709446 	 2.143086
-14.699446 	 2.133086
-14.689445 	 2.123085
-14.679445 	 2.113085
-14.669445 	 2.103085
-14.659445 	 2.093085
-14.649445 	 2.083085
-14.639444 	 2.073084
-14.629444 	 2.063084
-14.619444 	 2.053084
-14.609444 	 2.043084
-14.599443 	 2.033083
-14.589443 	 2.023083
-14.579443 	 2.013083
-14.569443 	 2.003083
-14.559443 	 1.993083
-14.549442 	 1.983082
-14.539442 	 1.973082
-14.529442 	 1.963082
-14.519442 	 1.953082
-14.509441 	 1.943081
-14.499441 	 1.933081
-14.489441 	 1.923081
-14.479441 	 1.913081
-14.469440 	 1.903080
-14.459440 	 1.893080
-14.449440 	 1.883080
-14.439440 	 1.873080
-14.429440 	 1.863080
-14.419439 	 1.853079
-14.409439 	 1.843079
-14.399439 	 1.833079
-14.389439 	 1.823079
-14.379438 	 1.813078
-14.369438 	 1.803078
-14.359438 	 1.793078
-14.349438 	 1.783078
-14.339437 	 1.773077
-14.329437 	 1.763077
-14.319437 	 1.753077
-14.309437 	 1.743077
-14.299437 	 1.733077
-14.289436 	 1.723076
-14.279436 	 1.713076
-14.269436 	 1.703076
-14.259436 	 1.693076
-14.249435 	 1.683075
-14.239435 	 1.673075
-14.229435 	 1.663075
-14.219435 	 1.653075
-14.209435 	 1.643075
-14.199434 	 1.633074
-14.189434 	 1.623074
-14.179434 	 1.613074
-14.169434 	 1.603074
-14.159433 	 1.593073
-14.149433 	 1.583073
-14.139433 	 1.573073
-14.129433 	 1.563073
-14.119432 	 1.553072
-14.109432 	 1.543072
-14.099432 	 1.533072
-14.089432 	 1.523072
-14.079432 	 1.513072
-14.069431 	 1.503071
-14.059431 	 1.493071
-14.049431 	 1.483071
-14.039431 	 1.473071
-14.029430 	 1.463070
-14.019430 	 1.453070
-14.009430 	 1.443070
-13.999430 	 1.433070
-13.989429 	 1.423069
-13.979429 	 1.413069
-13.969429 	 1.403069
-13.959429 	 1.393069
-13.949429 	 1.383069
-13.939428 	 1.373068
-13.929428 	 1.363068
-13.919428 	 1.353068
-13.909428 	 1.343068
-13.899427 	 1.333067
-13.889427 	 1.323067
-13.879427 	 1.313067
-13.869427 	 1.303067
-13.859426 	 1.293067
-13.849426 	 1.283066
-13.839426 	 1.273066
-13.829426 	 1.263066
-13.819426 	 1.253066
-13.809425 	 1.243065
-13.799425 	 1.233065
-13.789425 	 1.223065
-13.779425 	 1.213065
-13.769424 	 1.203064
-13.759424 	 1.193064
-13.749424 	 1.183064
-13.739424 	 1.173064
-13.729424 	 1.163064
-13.719423 	 1.153063
-13.709423 	 1.143063
-13.699423 	 1.133063
-13.689423 	 1.123063
-13.679422 	 1.113062
-13.669422 	 1.103062
-13.659422 	 1.093062
-13.649422 	 1.083062
-13.639421 	 1.073061
-13.629421 	 1.063061
-13.619421 	 1.053061
-13.609421 	 1.043061
-13.599421 	 1.033061
-13.589420 	 1.023060
-13.579420 	 1.013060
-13.569420 	 1.003060
-13.559420 	 0.993060
-13.549419 	 0.983059
-13.539419 	 0.973059
-13.529419 	 0.963059
-13.519419 	 0.953059
-13.509418 	 0.943058
-13.499418 	 0.933058
-13.489418 	 0.923058
-13.479418 	 0.913058
-13.469418 	 0.903058
-13.459417 	 0.893057
-13.449417 	 0.883057
-13.439417 	 0.873057
-13.429417 	 0.863057
-13.419416 	 0.853056
-13.409416 	 0.843056
-13.399416 	 0.833056
-13.389416 	 0.823056
-13.379416 	 0.813056
-13.369415 	 0.803055
-13.359415 	 0.793055
-13.349415 	 0.783055
-13.339415 	 0.773055
-13.329414 	 0.763054
-13.319414 	 0.753054
-13.309414 	 0.743054
-13.299414 	 0.733054
-13.289413 	 0.723053
-13.279413 	 0.713053
-13.269413 	 0.703053
-13.259413 	 0.693053
-13.249413 	 0.683053
-13.239412 	 0.673052
-13.229412 	 0.663052
-13.219412 	 0.653052
-13.209412 	 0.643052
-13.199411 	 0.633051
-13.189411 	 0.623051
-13.179411 	 0.613051
-13.169411 	 0.603051
-13.159410 	 0.593050
-13.149410 	 0.583050
-13.139410 	 0.573050
-13.129410 	 0.563050
-13.119410 	 0.553050
-13.109409 	 0.543049
-13.099409 	 0.533049
-13.089409 	 0.523049
-13.079409 	 0.513049
-13.069408 	 0.503048
-13.059408 	 0.493048
-13.049408 	 0.483048
-13.039408 	 0.473048
-13.029408 	 0.463048
-13.019407 	 0.453047
-13.009407 	 0.443047
-12.999407 	 0.433047
-12.989407 	 0.423047
-12.979406 	 0.413046
-12.969406 	 0.403046
-12.959406 	 0.393046
-12.949406 	 0.383046
-12.939405 	 0.373045
-12.929405 	 0.363045
-12.919405 	 0.353045
-12.909405 	 0.343045
-12.899405 	 0.333045
-12.889404 	 0.323044
-12.879404 	 0.313044
-12.869404 	 0.303044
-12.859404 	 0.293044
-12.849403 	 0.283043
-12.839403 	 0.273043
-12.829403 	 0.263043
-12.819403 	 0.253043
-12.809402 	 0.243042
-12.799402 	 0.233042
-12.789402 	 0.223042
-12.779402 	 0.213042
-12.769402 	 0.203042
-12.759401 	 0.193041
-12.749401 	 0.183041
-12.739401 	 0.173041
-12.729401 	 0.163041
-12.719400 	 0.153040
-12.709400 	 0.143040
-12.699400 	 0.133040
-12.689400 	 0.123040
-12.679399 	 0.113039
-12.669399 	 0.103039
-12.659399 	 0.093039
-12.649399 	 0.083039
-12.639399 	 0.073039
-12.629398 	 0.063038
-12.619398 	 0.053038
-12.609398 	 0.043038
-12.599398 	 0.033038
-12.589397 	 0.023037
-12.579397 	 0.013037
-12.569397 	 0.003037
-12.559397 	 0.006963
-12.549397 	 0.016964
-12.539396 	 0.026964
-12.529396 	 0.036964
-12.519396 	 0.046964
-12.509396 	 0.056965
-12.499395 	 0.066965
-12.489395 	 0.076965
-12.479395 	 0.086965
-12.469395 	 0.096966
-12.459394 	 0.106966
-12.449394 	 0.116966
-12.439394 	 0.126966
-12.429394 	 0.136966
-12.419394 	 0.146967
-12.409393 	 0.156967
-12.399393 	 0.166967
-12.389393 	 0.176967
-12.379393 	 0.186968
-12.369392 	 0.196968
-12.359392 	 0.206968
-12.349392 	 0.216968
-12.339392 	 0.226969
-12.329391 	 0.236969
-12.319391 	 0.246969
-12.309391 	 0.256969
-12.299391 	 0.266969
-12.289391 	 0.276970
-12.279390 	 0.286970
-12.269390 	 0.296970
-12.259390 	 0.306970
-12.249390 	 0.316971
-12.239389 	 0.326971
-12.229389 	 0.336971
-12.219389 	 0.346971
-12.209389 	 0.356972
-12.199389 	 0.366972
-12.189388 	 0.376972
-12.179388 	 0.386972
-12.169388 	 0.396972
-12.159388 	 0.406973
-12.149387 	 0.416973
-12.139387 	 0.426973
-12.129387 	 0.436973
-12.119387 	 0.446974
-12.109386 	 0.456974
-12.099386 	 0.466974
-12.089386 	 0.476974
-12.079386 	 0.486974
-12.069386 	 0.496975
-12.059385 	 0.506975
-12.049385 	 0.516975
-12.039385 	 0.526975
-12.029385 	 0.536976
-12.019384 	 0.546976
-12.009384 	 0.556976
-11.999384 	 0.566976
-11.989384 	 0.576977
-11.979383 	 0.586977
-11.969383 	 0.596977
-11.959383 	 0.606977
-11.949383 	 0.616977
-11.939383 	 0.626978
-11.929382 	 0.636978
-11.919382 	 0.646978
-11.909382 	 0.656978
-11.899382 	 0.666979
-11.889381 	 0.676979
-11.879381 	 0.686979
-11.869381 	 0.696979
-11.859381 	 0.706980
-11.849380 	 0.716980
-11.839380 	 0.726980
-11.829380 	 0.736980
-11.819380 	 0.746980
-11.809380 	 0.756981
-11.799379 	 0.766981
-11.789379 	 0.776981
-11.779379 	 0.786981
-11.769379 	 0.796982
-11.759378 	 0.806982
-11.749378 	 0.816982
-11.739378 	 0.826982
-11.729378 	 0.836982
-11.719378 	 0.846983
-11.709377 	 0.856983
-11.699377 	 0.866983
-11.689377 	 0.876983
-11.679377 	 0.886984
-11.669376 	 0.896984
-11.659376 	 0.906984
-11.649376 	 0.916984
-11.639376 	 0.926985
-11.629375 	 0.936985
-11.619375 	 0.946985
-11.609375 	 0.956985
-11.599375 	 0.966985
-11.589375 	 0.976986
-11.579374 	 0.986986
-11.569374 	 0.996986
-11.559374 	 1.006986
-11.549374 	 1.016987
-11.539373 	 1.026987
-11.529373 	 1.036987
-11.519373 	 1.046987
-11.509373 	 1.056988
-11.499372 	 1.066988
-11.489372 	 1.076988
-11.479372 	 1.086988
-11.469372 	 1.096988
-11.459372 	 1.106989
-11.449371 	 1.116989
-11.439371 	 1.126989
-11.429371 	 1.136989
-11.419371 	 1.146990
-11.409370 	 1.156990
-11.399370 	 1.166990
-11.389370 	 1.176990
-11.379370 	 1.186990
-11.369370 	 1.196991
-11.359369 	 1.206991
-11.349369 	 1.216991
-11.339369 	 1.226991
-11.329369 	 1.236992
-11.319368 	 1.246992
-11.309368 	 1.256992
-11.299368 	 1.266992
-11.289368 	 1.276993
-11.279367 	 1.286993
-11.269367 	 1.296993
-11.259367 	 1.306993
-11.249367 	 1.316993
-11.239367 	 1.326994
-11.229366 	 1.336994
-11.219366 	 1.346994
-11.209366 	 1.356994
-11.199366 	 1.366995
-11.189365 	 1.376995
-11.179365 	 1.386995
-11.169365 	 1.396995
-11.159365 	 1.406996
-11.149364 	 1.416996
-11.139364 	 1.426996
-11.129364 	 1.436996
-11.119364 	 1.446996
-11.109364 	 1.456997
-11.099363 	 1.466997
-11.089363 	 1.476997
-11.079363 	 1.486997
-11.069363 	 1.496998
-11.059362 	 1.506998
-11.049362 	 1.516998
-11.039362 	 1.526998
-11.029362 	 1.536999
-11.019361 	 1.546999
-11.009361 	 1.556999
-10.999361 	 1.566999
-10.989361 	 1.576999
-10.979361 	 1.587000
-10.969360 	 1.597000
-10.959360 	 1.607000
-10.949360 	 1.617000
-10.939360 	 1.627001
-10.929359 	 1.637001
-10.919359 	 1.647001
-10.909359 	 1.657001
-10.899359 	 1.667001
-10.889359 	 1.677002
-10.879358 	 1.687002
-10.869358 	 1.697002
-10.859358 	 1.707002
-10.849358 	 1.717003
-10.839357 	 1.727003
-10.829357 	 1.737003
-10.819357 	 1.747003
-10.809357 	 1.757004
-10.799356 	 1.767004
-10.789356 	 1.777004
-10.779356 	 1.787004
-10.769356 	 1.797004
-10.759356 	 1.807005
-10.749355 	 1.817005
-10.739355 	 1.827005
-10.729355 	 1.837005
-10.719355 	 1.847006
-10.709354 	 1.857006
-10.699354 	 1.867006
-10.689354 	 1.877006
-10.679354 	 1.887007
-10.669353 	 1.897007
-10.659353 	 1.907007
-10.649353 	 1.917007
-10.639353 	 1.927007
-10.629353 	 1.937008
-10.619352 	 1.947008
-10.609352 	 1.957008
-10.599352 	 1.967008
-10.589352 	 1.977009
-10.579351 	 1.987009
-10.569351 	 1.997009
-10.559351 	 2.007009
-10.549351 	 2.017009
-10.539351 	 2.027010
-10.529350 	 2.037010
-10.519350 	 2.047010
-10.509350 	 2.057010
-10.499350 	 2.067011
-10.489349 	 2.077011
-10.479349 	 2.087011
-10.469349 	 2.097011
-10.459349 	 2.107012
-10.449348 	 2.117012
-10.439348 	 2.127012
-10.429348 	 2.137012
-10.419348 	 2.147012
-10.409348 	 2.157013
-10.399347 	 2.167013
-10.389347 	 2.177013
-10.379347 	 2.187013
-10.369347 	 2.197014
-10.359346 	 2.207014
-10.349346 	 2.217014
-10.339346 	 2.227014
-10.329346 	 2.237015
-10.319345 	 2.247015
-10.309345 	 2.257015
-10.299345 	 2.267015
-10.289345 	 2.277015
-10.279345 	 2.287015
-10.269344 	 2.297016
-10.259344 	 2.307016
-10.249344 	 2.317016
-10.239344 	 2.327016
-10.229343 	 2.337017
-10.219343 	 2.347017
-10.209343 	 2.357017
-10.199343 	 2.367017
-10.189342 	 2.377017
-10.179342 	 2.387018
-10.169342 	 2.397018
-10.159342 	 2.407018
-10.149342 	 2.417018
-10.139341 	 2.427019
-10.129341 	 2.437019
-10.119341 	 2.447019
-10.109341 	 2.457019
-10.099340 	 2.467020
-10.089340 	 2.477020
-10.079340 	 2.487020
-10.069340 	 2.497020
-10.059340 	 2.507020
-10.049339 	 2.517021
-10.039339 	 2.527021
-10.029339 	 2.537021
-10.019339 	 2.547021
-10.009338 	 2.557022
-9.999338 	 2.567022
-9.989338 	 2.577022
-9.979338 	 2.587022
-9.969337 	 2.597023
-9.959337 	 2.607023
-9.949337 	 2.617023
-9.939337 	 2.627023
-9.929337 	 2.637023
-9.919336 	 2.647024
-9.909336 	 2.657024
-9.899336 	 2.667024
-9.889336 	 2.677024
-9.879335 	 2.687025
-9.869335 	 2.697025
-9.859335 	 2.707025
-9.849335 	 2.717025
-9.839334 	 2.727026
-9.829334 	 2.737026
-9.819334 	 2.747026
-9.809334 	 2.757026
-9.799334 	 2.767026
-9.789333 	 2.777027
-9.779333 	 2.787027
-9.769333 	 2.797027
-9.759333 	 2.807027
-9.749332 	 2.817028
-9.739332 	 2.827028
-9.729332 	 2.837028
-9.719332 	 2.847028
-9.709332 	 2.857028
-9.699331 	 2.867029
-9.689331 	 2.877029
-9.679331 	 2.887029
-9.669331 	 2.897029
-9.659330 	 2.907030
-9.649330 	 2.917030
-9.639330 	 2.927030
-9.629330 	 2.937030
-9.619329 	 2.947031
-9.609329 	 2.957031
-9.599329 	 2.967031
-9.589329 	 2.977031
-9.579329 	 2.987031
-9.569328 	 2.997032
-9.559328 	 3.007032
-9.549328 	 3.017032
-9.539328 	 3.027032
-9.529327 	 3.037033
-9.519327 	 3.047033
-9.509327 	 3.057033
-9.499327 	 3.067033
-9.489326 	 3.077034
-9.479326 	 3.087034
-9.469326 	 3.097034
-9.459326 	 3.107034
-9.449326 	 3.117034
-9.439325 	 3.127035
-9.429325 	 3.137035
-9.419325 	 3.136145
-9.409325 	 3.126145
-9.399324 	 3.116144
-9.389324 	 3.106144
-9.379324 	 3.096144
-9.369324 	 3.086144
-9.359324 	 3.076144
-9.349323 	 3.066143
-9.339323 	 3.056143
-9.329323 	 3.046143
-9.319323 	 3.036143
-9.309322 	 3.026142
-9.299322 	 3.016142
-9.289322 	 3.006142
-9.279322 	 2.996142
-9.269321 	 2.986141
-9.259321 	 2.976141
-9.249321 	 2.966141
-9.239321 	 2.956141
-9.229321 	 2.946141
-9.219320 	 2.936140
-9.209320 	 2.926140
-9.199320 	 2.916140
-9.189320 	 2.906140
-9.179319 	 2.896139
-9.169319 	 2.886139
-9.159319 	 2.876139
-9.149319 	 2.866139
-9.139318 	 2.856138
-9.129318 	 2.846138
-9.119318 	 2.836138
-9.109318 	 2.826138
-9.099318 	 2.816138
-9.089317 	 2.806137
-9.079317 	 2.796137
-9.069317 	 2.786137
-9.059317 	 2.776137
-9.049316 	 2.766136
-9.039316 	 2.756136
-9.029316 	 2.746136
-9.019316 	 2.736136
-9.009315 	 2.726135
-8.999315 	 2.716135
-8.989315 	 2.706135
-8.979315 	 2.696135
-8.969315 	 2.686135
-8.959314 	 2.676134
-8.949314 	 2.666134
-8.939314 	 2.656134
-8.929314 	 2.646134
-8.919313 	 2.636133
-8.909313 	 2.626133
-8.899313 	 2.616133
-8.889313 	 2.606133
-8.879313 	 2.596133
-8.869312 	 2.586132
-8.859312 	 2.576132
-8.849312 	 2.566132
-8.839312 	 2.556132
-8.829311 	 2.546131
-8.819311 	 2.536131
-8.809311 	 2.526131
-8.799311 	 2.516131
-8.789310 	 2.506130
-8.779310 	 2.496130
-8.769310 	 2.486130
-8.759310 	 2.476130
-8.749310 	 2.466130
-8.739309 	 2.456129
-8.729309 	 2.446129
-8.719309 	 2.436129
-8.709309 	 2.426129
-8.699308 	 2.416128
-8.689308 	 2.406128
-8.679308 	 2.396128
-8.669308 	 2.386128
-8.659307 	 2.376127
-8.649307 	 2.366127
-8.639307 	 2.356127
-8.629307 	 2.346127
-8.619307 	 2.336127
-8.609306 	 2.326126
-8.599306 	 2.316126
-8.589306 	 2.306126
-8.579306 	 2.296126
-8.569305 	 2.286125
-8.559305 	 2.276125
-8.549305 	 2.266125
-8.539305 	 2.256125
-8.529305 	 2.246125
-8.519304 	 2.236124
-8.509304 	 2.226124
-8.499304 	 2.216124
-8.489304 	 2.206124
-8.479303 	 2.196123
-8.469303 	 2.186123
-8.459303 	 2.176123
-8.449303 	 2.166123
-8.439302 	 2.156122
-8.429302 	 2.146122
-8.419302 	 2.136122
-8.409302 	 2.126122
-8.399302 	 2.116122
-8.389301 	 2.106121
-8.379301 	 2.096121
-8.369301 	 2.086121
-8.359301 	 2.076121
-8.349300 	 2.066120
-8.339300 	 2.056120
-8.329300 	 2.046120
-8.319300 	 2.036120
-8.309299 	 2.026119
-8.299299 	 2.016119
-8.289299 	 2.006119
-8.279299 	 1.996119
-8.269299 	 1.986119
-8.259298 	 1.976118
-8.249298 	 1.966118
-8.239298 	 1.956118
-8.229298 	 1.946118
-8.219297 	 1.936117
-8.209297 	 1.926117
-8.199297 	 1.916117
-8.189297 	 1.906117
-8.179296 	 1.896116
-8.169296 	 1.886116
-8.159296 	 1.876116
-8.149296 	 1.866116
-8.139296 	 1.856116
-8.129295 	 1.846115
-8.119295 	 1.836115
-8.109295 	 1.826115
-8.099295 	 1.816115
-8.089294 	 1.806114
-8.079294 	 1.796114
-8.069294 	 1.786114
-8.059294 	 1.776114
-8.049294 	 1.766114
-8.039293 	 1.756113
-8.029293 	 1.746113
-8.019293 	 1.736113
-8.009293 	 1.726113
-7.999292 	 1.716112
-7.989292 	 1.706112
-7.979292 	 1.696112
-7.969292 	 1.686112
-7.959291 	 1.676111
-7.949291 	 1.666111
-7.939291 	 1.656111
-7.929291 	 1.646111
-7.919291 	 1.636111
-7.909290 	 1.626110
-7.899290 	 1.616110
-7.889290 	 1.606110
-7.879290 	 1.596110
-7.869289 	 1.586109
-7.859289 	 1.576109
-7.849289 	 1.566109
-7.839289 	 1.556109
-7.829288 	 1.546108
-7.819288 	 1.536108
-7.809288 	 1.526108
-7.799288 	 1.516108
-7.789288 	 1.506108
-7.779287 	 1.496107
-7.769287 	 1.486107
-7.759287 	 1.476107
-7.749287 	 1.466107
-7.739286 	 1.456106
-7.729286 	 1.446106
-7.719286 	 1.436106
-7.709286 	 1.426106
-7.699286 	 1.416106
-7.689285 	 1.406105
-7.679285 	 1.396105
-7.669285 	 1.386105
-7.659285 	 1.376105
-7.649284 	 1.366104
-7.639284 	 1.356104
-7.629284 	 1.346104
-7.619284 	 1.336104
-7.609283 	 1.326103
-7.599283 	 1.316103
-7.589283 	 1.306103
-7.579283 	 1.296103
-7.569283 	 1.286103
-7.559282 	 1.276102
-7.549282 	 1.266102
-7.539282 	 1.256102
-7.529282 	 1.246102
-7.519281 	 1.236101
-7.509281 	 1.226101
-7.499281 	 1.216101
-7.489281 	 1.206101
-7.479280 	 1.196100
-7.469280 	 1.186100
-7.459280 	 1.176100
-7.449280 	 1.166100
-7.439280 	 1.156100
-7.429279 	 1.146099
-7.419279 	 1.136099
-7.409279 	 1.126099
-7.399279 	 1.116099
-7.389278 	 1.106098
-7.379278 	 1.096098
-7.369278 	 1.086098
-7.359278 	 1.076098
-7.349277 	 1.066097
-7.339277 	 1.056097
-7.329277 	 1.046097
-7.319277 	 1.036097
-7.309277 	 1.026097
-7.299276 	 1.016096
-7.289276 	 1.006096
-7.279276 	 0.996096
-7.269276 	 0.986096
-7.259275 	 0.976095
-7.249275 	 0.966095
-7.239275 	 0.956095
-7.229275 	 0.946095
-7.219275 	 0.936095
-7.209274 	 0.926094
-7.199274 	 0.916094
-7.189274 	 0.906094
-7.179274 	 0.896094
-7.169273 	 0.886093
-7.159273 	 0.876093
-7.149273 	 0.866093
-7.139273 	 0.856093
-7.129272 	 0.846092
-7.119272 	 0.836092
-7.109272 	 0.826092
-7.099272 	 0.816092
-7.089272 	 0.806092
-7.079271 	 0.796091
-7.069271 	 0.786091
-7.059271 	 0.776091
-7.049271 	 0.766091
-7.039270 	 0.756090
-7.029270 	 0.746090
-7.019270 	 0.736090
-7.009270 	 0.726090
-6.999269 	 0.716089
-6.989269 	 0.706089
-6.979269 	 0.696089
-6.969269 	 0.686089
-6.959269 	 0.676089
-6.949268 	 0.666088
-6.939268 	 0.656088
-6.929268 	 0.646088
-6.919268 	 0.636088
-6.909267 	 0.626087
-6.899267 	 0.616087
-6.889267 	 0.606087
-6.879267 	 0.596087
-6.869267 	 0.586087
-6.859266 	 0.576086
-6.849266 	 0.566086
-6.839266 	 0.556086
-6.829266 	 0.546086
-6.819265 	 0.536085
-6.809265 	 0.526085
-6.799265 	 0.516085
-6.789265 	 0.506085
-6.779264 	 0.496084
-6.769264 	 0.486084
-6.759264 	 0.476084
-6.749264 	 0.466084
-6.739264 	 0.456084
-6.729263 	 0.446083
-6.719263 	 0.436083
-6.709263 	 0.426083
-6.699263 	 0.416083
-6.689262 	 0.406082
-6.679262 	 0.396082
-6.669262 	 0.386082
-6.659262 	 0.376082
-6.649261 	 0.366081
-6.639261 	 0.356081
-6.629261 	 0.346081
-6.619261 	 0.336081
-6.609261 	 0.326081
-6.599260 	 0.316080
-6.589260 	 0.306080
-6.579260 	 0.296080
-6.569260 	 0.286080
-6.559259 	 0.276079
-6.549259 	 0.266079
-6.539259 	 0.256079
-6.529259 	 0.246079
-6.519258 	 0.236079
-6.509258 	 0.226078
-6.499258 	 0.216078
-6.489258 	 0.206078
-6.479258 	 0.196078
-6.469257 	 0.186077
-6.459257 	 0.176077
-6.449257 	 0.166077
-6.439257 	 0.156077
-6.429256 	 0.146076
-6.419256 	 0.136076
-6.409256 	 0.126076
-6.399256 	 0.116076
-6.389256 	 0.106076
-6.379255 	 0.096075
-6.369255 	 0.086075
-6.359255 	 0.076075
-6.349255 	 0.066075
-6.339254 	 0.056074
-6.329254 	 0.046074
-6.319254 	 0.036074
-6.309254 	 0.026074
-6.299253 	 0.016073
-6.289253 	 0.006073
-6.279253 	 0.003927
-6.269253 	 0.013927
-6.259253 	 0.023927
-6.249252 	 0.033928
-6.239252 	 0.043928
-6.229252 	 0.053928
-6.219252 	 0.063928
-6.209251 	 0.073929
-6.199251 	 0.083929
-6.189251 	 0.093929
-6.179251 	 0.103929
-6.169250 	 0.113930
-6.159250 	 0.123930
-6.149250 	 0.133930
-6.139250 	 0.143930
-6.129250 	 0.153930
-6.119249 	 0.163931
-6.109249 	 0.173931
-6.099249 	 0.183931
-6.089249 	 0.193931
-6.079248 	 0.203932
-6.069248 	 0.213932
-6.059248 	 0.223932
-6.049248 	 0.233932
-6.039248 	 0.243932
-6.029247 	 0.253933
-6.019247 	 0.263933
-6.009247 	 0.273933
-5.999247 	 0.283933
-5.989246 	 0.293934
-5.979246 	 0.303934
-5.969246 	 0.313934
-5.959246 	 0.323934
-5.949245 	 0.333935
-5.939245 	 0.343935
-5.929245 	 0.353935
-5.919245 	 0.363935
-5.909245 	 0.373935
-5.899244 	 0.383936
-5.889244 	 0.393936
-5.879244 	 0.403936
-5.869244 	 0.413936
-5.859243 	 0.423937
-5.849243 	 0.433937
-5.839243 	 0.443937
-5.829243 	 0.453937
-5.819242 	 0.463938
-5.809242 	 0.473938
-5.799242 	 0.483938
-5.789242 	 0.493938
-5.779242 	 0.503938
-5.769241 	 0.513939
-5.759241 	 0.523939
-5.749241 	 0.533939
-5.739241 	 0.543939
-5.729240 	 0.553940
-5.719240 	 0.563940
-5.709240 	 0.573940
-5.699240 	 0.583940
-5.689240 	 0.593940
-5.679239 	 0.603941
-5.669239 	 0.613941
-5.659239 	 0.623941
-5.649239 	 0.633941
-5.639238 	 0.643942
-5.629238 	 0.653942
-5.619238 	 0.663942
-5.609238 	 0.673942
-5.599237 	 0.683943
-5.589237 	 0.693943
-5.579237 	 0.703943
-5.569237 	 0.713943
-5.559237 	 0.723943
-5.549236 	 0.733944
-5.539236 	 0.743944
-5.529236 	 0.753944
-5.519236 	 0.763944
-5.509235 	 0.773945
-5.499235 	 0.783945
-5.489235 	 0.793945
-5.479235 	 0.803945
-5.469234 	 0.813946
-5.459234 	 0.823946
-5.449234 	 0.833946
-5.439234 	 0.843946
-5.429234 	 0.853946
-5.419233 	 0.863947
-5.409233 	 0.873947
-5.399233 	 0.883947
-5.389233 	 0.893947
-5.379232 	 0.903948
-5.369232 	 0.913948
-5.359232 	 0.923948
-5.349232 	 0.933948
-5.339231 	 0.943949
-5.329231 	 0.953949
-5.319231 	 0.963949
-5.309231 	 0.973949
-5.299231 	 0.983949
-5.289230 	 0.993950
-5.279230 	 1.003950
-5.269230 	 1.013950
-5.259230 	 1.023950
-5.249229 	 1.033951
-5.239229 	 1.043951
-5.229229 	 1.053951
-5.219229 	 1.063951
-5.209229 	 1.073951
-5.199228 	 1.083952
-5.189228 	 1.093952
-5.179228 	 1.103952
-5.169228 	 1.113952
-5.159227 	 1.123953
-5.149227 	 1.133953
-5.139227 	 1.143953
-5.129227 	 1.153953
-5.119226 	 1.163954
-5.109226 	 1.173954
-5.099226 	 1.183954
-5.089226 	 1.193954
-5.079226 	 1.203954
-5.069225 	 1.213955
-5.059225 	 1.223955
-5.049225 	 1.233955
-5.039225 	 1.243955
-5.029224 	 1.253956
-5.019224 	 1.263956
-5.009224 	 1.273956
-4.999224 	 1.283956
-4.989223 	 1.293957
-4.979223 	 1.303957
-4.969223 	 1.313957
-4.959223 	 1.323957
-4.949223 	 1.333957
-4.939222 	 1.343958
-4.929222 	 1.353958
-4.919222 	 1.363958
-4.909222 	 1.373958
-4.899221 	 1.383959
-4.889221 	 1.393959
-4.879221 	 1.403959
-4.869221 	 1.413959
-4.859221 	 1.423959
-4.849220 	 1.433960
-4.839220 	 1.443960
-4.829220 	 1.453960
-4.819220 	 1.463960
-4.809219 	 1.473961
-4.799219 	 1.483961
-4.789219 	 1.493961
-4.779219 	 1.503961
-4.769218 	 1.513962
-4.759218 	 1.523962
-4.749218 	 1.533962
-4.739218 	 1.543962
-4.729218 	 1.553962
-4.719217 	 1.563963
-4.709217 	 1.573963
-4.699217 	 1.583963
-4.689217 	 1.593963
-4.679216 	 1.603964
-4.669216 	 1.613964
-4.659216 	 1.623964
-4.649216 	 1.633964
-4.639215 	 1.643965
-4.629215 	 1.653965
-4.619215 	 1.663965
-4.609215 	 1.673965
-4.599215 	 1.683965
-4.589214 	 1.693966
-4.579214 	 1.703966
-4.569214 	 1.713966
-4.559214 	 1.723966
-4.549213 	 1.733967
-4.539213 	 1.743967
-4.529213 	 1.753967
-4.519213 	 1.763967
-4.509212 	 1.773968
-4.499212 	 1.783968
-4.489212 	 1.793968
-4.479212 	 1.803968
-4.469212 	 1.813968
-4.459211 	 1.823969
-4.449211 	 1.833969
-4.439211 	 1.843969
-4.429211 	 1.853969
-4.419210 	 1.863970
-4.409210 	 1.873970
-4.399210 	 1.883970
-4.389210 	 1.893970
-4.379210 	 1.903970
-4.369209 	 1.913971
-4.359209 	 1.923971
-4.349209 	 1.933971
-4.339209 	 1.943971
-4.329208 	 1.953972
-4.319208 	 1.963972
-4.309208 	 1.973972
-4.299208 	 1.983972
-4.289207 	 1.993973
-4.279207 	 2.003973
-4.269207 	 2.013973
-4.259207 	 2.023973
-4.249207 	 2.033973
-4.239206 	 2.043974
-4.229206 	 2.053974
-4.219206 	 2.063974
-4.209206 	 2.073974
-4.199205 	 2.083975
-4.189205 	 2.093975
-4.179205 	 2.103975
-4.169205 	 2.113975
-4.159204 	 2.123976
-4.149204 	 2.133976
-4.139204 	 2.143976
-4.129204 	 2.153976
-4.119204 	 2.163976
-4.109203 	 2.173977
-4.099203 	 2.183977
-4.089203 	 2.193977
-4.079203 	 2.203977
-4.069202 	 2.213978
-4.059202 	 2.223978
-4.049202 	 2.233978
-4.039202 	 2.243978
-4.029202 	 2.253978
-4.019201 	 2.263979
-4.009201 	 2.273979
-3.999201 	 2.283979
-3.989201 	 2.293979
-3.979201 	 2.303979
-3.969201 	 2.313979
-3.959201 	 2.323979
-3.949201 	 2.333979
-3.939201 	 2.343979
-3.929201 	 2.353979
-3.919201 	 2.363979
-3.909201 	 2.373979
-3.899201 	 2.383979
-3.889201 	 2.393979
-3.879201 	 2.403979
-3.869201 	 2.413979
-3.859201 	 2.423979
-3.849201 	 2.433979
-3.839201 	 2.443979
-3.829201 	 2.453979
-3.819201 	 2.463979
-3.809201 	 2.473979
-3.799201 	 2.483979
-3.789201 	 2.493979
-3.779201 	 2.503979
-3.769201 	 2.513979
-3.759201 	 2.523979
-3.749201 	 2.533979
-3.739201 	 2.543979
-3.729201 	 2.553979
-3.719201 	 2.563979
-3.709201 	 2.573979
-3.699201 	 2.583979
-3.689201 	 2.593979
-3.679201 	 2.603979
-3.669201 	 2.613979
-3.659201 	 2.623979
-3.649201 	 2.633979
-3.639201 	 2.643979
-3.629201 	 2.653979
-3.619201 	 2.663979
-3.609201 	 2.673979
-3.599201 	 2.683979
-3.589201 	 2.693979
-3.579201 	 2.703979
-3.569201 	 2.713979
-3.559201 	 2.723979
-3.549201 	 2.733979
-3.539201 	 2.743979
-3.529202 	 2.753978
-3.519202 	 2.763978
-3.509202 	 2.773978
-3.499202 	 2.783978
-3.489202 	 2.793978
-3.479202 	 2.803978
-3.469202 	 2.813978
-3.459202 	 2.823978
-3.449202 	 2.833978
-3.439202 	 2.843978
-3.429202 	 2.853978
-3.419202 	 2.863978
-3.409202 	 2.873978
-3.399202 	 2.883978
-3.389202 	 2.893978
-3.379202 	 2.903978
-3.369202 	 2.913978
-3.359202 	 2.923978
-3.349202 	 2.933978
-3.339202 	 2.943978
-3.329202 	 2.953978
-3.319202 	 2.963978
-3.309202 	 2.973978
-3.299202 	 2.983978
-3.289202 	 2.993978
-3.279202 	 3.003978
-3.269202 	 3.013978
-3.259202 	 3.023978
-3.249202 	 3.033978
-3.239202 	 3.043978
-3.229202 	 3.053978
-3.219202 	 3.063978
-3.209202 	 3.073978
-3.199202 	 3.083978
-3.189202 	 3.093978
-3.179202 	 3.103978
-3.169202 	 3.113978
-3.159202 	 3.123978
-3.149202 	 3.133978
-3.139202 	 3.139202
-3.129202 	 3.129202
-3.119202 	 3.119202
-3.109202 	 3.109202
-3.099202 	 3.099202
-3.089202 	 3.089202
-3.079202 	 3.079202
-3.069202 	 3.069202
-3.059202 	 3.059202
-3.049202 	 3.049202
-3.039202 	 3.039202
-3.029202 	 3.029202
-3.019202 	 3.019202
-3.009202 	 3.009202
-2.999202 	 2.999202
-2.989202 	 2.989202
-2.979202 	 2.979202
-2.969202 	 2.969202
-2.959202 	 2.959202
-2.949202 	 2.949202
-2.939202 	 2.939202
-2.929202 	 2.929202
-2.919202 	 2.919202
-2.909202 	 2.909202
-2.899202 	 2.899202
-2.889202 	 2.889202
-2.879202 	 2.879202
-2.869202 	 2.869202
-2.859202 	 2.859202
-2.849202 	 2.849202
-2.839202 	 2.839202
-2.829202 	 2.829202
-2.819202 	 2.819202
-2.809202 	 2.809202
-2.799202 	 2.799202
-2.789202 	 2.789202
-2.779202 	 2.779202
-2.769202 	 2.769202
-2.759202 	 2.759202
-2.749202 	 2.749202
-2.739202 	 2.739202
-2.729202 	 2.729202
-2.719202 	 2.719202
-2.709202 	 2.709202
-2.699202 	 2.699202
-2.689202 	 2.689202
-2.679202 	 2.679202
-2.669202 	 2.669202
-2.659202 	 2.659202
-2.649202 	 2.649202
-2.639202 	 2.639202
-2.629202 	 2.629202
-2.619202 	 2.619202
-2.609202 	 2.609202
-2.599202 	 2.599202
-2.589202 	 2.589202
-2.579202 	 2.579202
-2.569202 	 2.569202
-2.559202 	 2.559202
-2.549202 	 2.549202
-2.539202 	 2.539202
-2.529202 	 2.529202
-2.519202 	 2.519202
-2.509202 	 2.509202
-2.499202 	 2.499202
-2.489202 	 2.489202
-2.479203 	 2.479203
-2.469203 	 2.469203
-2.459203 	 2.459203
-2.449203 	 2.449203
-2.439203 	 2.439203
-2.429203 	 2.429203
-2.419203 	 2.419203
-2.409203 	 2.409203
-2.399203 	 2.399203
-2.389203 	 2.389203
-2.379203 	 2.379203
-2.369203 	 2.369203
-2.359203 	 2.359203
-2.349203 	 2.349203
-2.339203 	 2.339203
-2.329203 	 2.329203
-2.319203 	 2.319203
-2.309203 	 2.309203
-2.299203 	 2.299203
-2.289203 	 2.289203
-2.279203 	 2.279203
-2.269203 	 2.269203
-2.259203 	 2.259203
-2.249203 	 2.249203
-2.239203 	 2.239203
-2.229203 	 2.229203
-2.219203 	 2.219203
-2.209203 	 2.209203
-2.199203 	 2.199203
-2.189203 	 2.189203
-2.179203 	 2.179203
-2.169203 	 2.169203
-2.159203 	 2.159203
-2.149203 	 2.149203
-2.139203 	 2.139203
-2.129203 	 2.129203
-2.119203 	 2.119203
-2.109203 	 2.109203
-2.099203 	 2.099203
-2.089203 	 2.089203
-2.079203 	 2.079203
-2.069203 	 2.069203
-2.059203 	 2.059203
-2.049203 	 2.049203
-2.039203 	 2.039203
-2.029203 	 2.029203
-2.019203 	 2.019203
-2.009203 	 2.009203
-1.999203 	 1.999203
-1.989203 	 1.989203
-1.979203 	 1.979203
-1.969203 	 1.969203
-1.959203 	 1.959203
-1.949203 	 1.949203
-1.939203 	 1.939203
-1.929203 	 1.929203
-1.919203 	 1.919203
-1.909203 	 1.909203
-1.899203 	 1.899203
-1.889203 	 1.889203
-1.879203 	 1.879203
-1.869203 	 1.869203
-1.859203 	 1.859203
-1.849203 	 1.849203
-1.839203 	 1.839203
-1.829203 	 1.829203
-1.819203 	 1.819203
-1.809203 	 1.809203
-1.799203 	 1.799203
-1.789203 	 1.789203
-1.779203 	 1.779203
-1.769203 	 1.769203
-1.759203 	 1.759203
-1.749203 	 1.749203
-1.739203 	 1.739203
-1.729203 	 1.729203
-1.719203 	 1.719203
-1.709203 	 1.709203
-1.699203 	 1.699203
-1.689203 	 1.689203
-1.679203 	 1.679203
-1.669203 	 1.669203
-1.659203 	 1.659203
-1.649203 	 1.649203
-1.639203 	 1.639203
-1.629203 	 1.629203
-1.619203 	 1.619203
-1.609203 	 1.609203
-1.599203 	 1.599203
-1.589203 	 1.589203
-1.579203 	 1.579203
-1.569203 	 1.569203
-1.559203 	 1.559203
-1.549203 	 1.549203
-1.539203 	 1.539203
-1.529203 	 1.529203
-1.519203 	 1.519203
-1.509203 	 1.509203
-1.499203 	 1.499203
-1.489203 	 1.489203
-1.479203 	 1.479203
-1.469203 	 1.469203
-1.459203 	 1.459203
-1.449203 	 1.449203
-1.439204 	 1.439204
-1.429204 	 1.429204
-1.419204 	 1.419204
-1.409204 	 1.409204
-1.399204 	 1.399204
-1.389204 	 1.389204
-1.379204 	 1.379204
-1.369204 	 1.369204
-1.359204 	 1.359204
-1.349204 	 1.349204
-1.339204 	 1.339204
-1.329204 	 1.329204
-1.319204 	 1.319204
-1.309204 	 1.309204
-1.299204 	 1.299204
-1.289204 	 1.289204
-1.279204 	 1.279204
-1.269204 	 1.269204
-1.259204 	 1.259204
-1.249204 	 1.249204
-1.239204 	 1.239204
-1.229204 	 1.229204
-1.219204 	 1.219204
-1.209204 	 1.209204
-1.199204 	 1.199204
-1.189204 	 1.189204
-1.179204 	 1.179204
-1.169204 	 1.169204
-1.159204 	 1.159204
-1.149204 	 1.149204
-1.139204 	 1.139204
-1.129204 	 1.129204
-1.119204 	 1.119204
-1.109204 	 1.109204
-1.099204 	 1.099204
-1.089204 	 1.089204
-1.079204 	 1.079204
-1.069204 	 1.069204
-1.059204 	 1.059204
-1.049204 	 1.049204
-1.039204 	 1.039204
-1.029204 	 1.029204
-1.019204 	 1.019204
-1.009204 	 1.009204
-0.999204 	 0.999204
-0.989204 	 0.989204
-0.979204 	 0.979204
-0.969204 	 0.969204
-0.959204 	 0.959204
-0.949204 	 0.949204
-0.939204 	 0.939204
-0.929204 	 0.929204
-0.919204 	 0.919204
-0.909204 	 0.909204
-0.899204 	 0.899204
-0.889204 	 0.889204
-0.879204 	 0.879204
-0.869204 	 0.869204
-0.859204 	 0.859204
-0.849204 	 0.849204
-0.839204 	 0.839204
-0.829204 	 0.829204
-0.819204 	 0.819204
-0.809204 	 0.809204
-0.799204 	 0.799204
-0.789204 	 0.789204
-0.779204 	 0.779204
-0.769204 	 0.769204
-0.759204 	 0.759204
-0.749204 	 0.749204
-0.739204 	 0.739204
-0.729204 	 0.729204
-0.719204 	 0.719204
-0.709204 	 0.709204
-0.699204 	 0.699204
-0.689204 	 0.689204
-0.679204 	 0.679204
-0.669204 	 0.669204
-0.659204 	 0.659204
-0.649204 	 0.649204
-0.639204 	 0.639204
-0.629204 	 0.629204
-0.619204 	 0.619204
-0.609204 	 0.609204
-0.599204 	 0.599204
-0.589204 	 0.589204
-0.579204 	 0.579204
-0.569204 	 0.569204
-0.559204 	 0.559204
-0.549204 	 0.549204
-0.539204 	 0.539204
-0.529204 	 0.529204
-0.519204 	 0.519204
-0.509204 	 0.509204
-0.499204 	 0.499204
-0.489204 	 0.489204
-0.479204 	 0.479204
-0.469204 	 0.469204
-0.459204 	 0.459204
-0.449204 	 0.449204
-0.439204 	 0.439204
-0.429204 	 0.429204
-0.419204 	 0.419204
-0.409204 	 0.409204
-0.399204 	 0.399204
-0.389205 	 0.389205
-0.379205 	 0.379205
-0.369205 	 0.369205
-0.359205 	 0.359205
-0.349205 	 0.349205
-0.339205 	 0.339205
-0.329205 	 0.329205
-0.319205 	 0.319205
-0.309205 	 0.309205
-0.299205 	 0.299205
-0.289205 	 0.289205
-0.279205 	 0.279205
-0.269205 	 0.269205
-0.259205 	 0.259205
-0.249205 	 0.249205
-0.239205 	 0.239205
-0.229205 	 0.229205
-0.219205 	 0.219205
-0.209205 	 0.209205
-0.199205 	 0.199205
-0.189205 	 0.189205
-0.179205 	 0.179205
-0.169205 	 0.169205
-0.159205 	 0.159205
-0.149205 	 0.149205
-0.139205 	 0.139205
-0.129205 	 0.129205
-0.119205 	 0.119205
-0.109205 	 0.109205
-0.099205 	 0.099205
-0.089205 	 0.089205
-0.079205 	 0.079205
-0.069205 	 0.069205
-0.059205 	 0.059205
-0.049205 	 0.049205
-0.039205 	 0.039205
-0.029205 	 0.029205
-0.019205 	 0.019205
-0.009205 	 0.009205
0.000795 	 0.000795
0.010795 	 0.010795
0.020795 	 0.020795
0.030795 	 0.030795
0.040795 	 0.040795
0.050795 	 0.050795
0.060795 	 0.060795
0.070795 	 0.070795
0.080795 	 0.080795
0.090795 	 0.090795
0.100795 	 0.100795
0.110795 	 0.110795
0.120795 	 0.120795
0.130795 	 0.130795
0.140795 	 0.140795
0.150795 	 0.150795
0.160795 	 0.160795
0.170795 	 0.170795
0.180795 	 0.180795
0.190795 	 0.190795
0.200795 	 0.200795
0.210795 	 0.210795
0.220795 	 0.220795
0.230795 	 0.230795
0.240795 	 0.240795
0.250795 	 0.250795
0.260795 	 0.260795
0.270795 	 0.270795
0.280795 	 0.280795
0.290795 	 0.290795
0.300795 	 0.300795
0.310795 	 0.310795
0.320795 	 0.320795
0.330795 	 0.330795
0.340795 	 0.340795
0.350795 	 0.350795
0.360795 	 0.360795
0.370795 	 0.370795
0.380795 	 0.380795
0.390795 	 0.390795
0.400795 	 0.400795
0.410795 	 0.410795
0.420795 	 0.420795
0.430795 	 0.430795
0.440795 	 0.440795
0.450795 	 0.450795
0.460795 	 0.460795
0.470795 	 0.470795
0.480795 	 0.480795
0.490795 	 0.490795
0.500795 	 0.500795
0.510795 	 0.510795
0.520795 	 0.520795
0.530795 	 0.530795
0.540795 	 0.540795
0.550795 	 0.550795
0.560795 	 0.560795
0.570795 	 0.570795
0.580795 	 0.580795
0.590795 	 0.590795
0.600795 	 0.600795
0.610795 	 0.610795
0.620795 	 0.620795
0.630795 	 0.630795
0.640795 	 0.640795
0.650795 	 0.650795
0.660795 	 0.660795
0.670795 	 0.670795
0.680795 	 0.680795
0.690795 	 0.690795
0.700795 	 0.700795
0.710795 	 0.710795
0.720795 	 0.720795
0.730795 	 0.730795
0.740795 	 0.740795
0.750795 	 0.750795
0.760795 	 0.760795
0.770795 	 0.770795
0.780795 	 0.780795
0.790795 	 0.790795
0.800795 	 0.800795
0.810795 	 0.810795
0.820795 	 0.820795
0.830795 	 0.830795
0.840795 	 0.840795
0.850795 	 0.850795
0.860795 	 0.860795
0.870795 	 0.870795
0.880795 	 0.880795
0.890795 	 0.890795
0.900795 	 0.900795
0.910795 	 0.910795
0.920795 	 0.920795
0.930795 	 0.930795
0.940795 	 0.940795
0.950795 	 0.950795
0.960795 	 0.960795
0.970795 	 0.970795
0.980795 	 0.980795
0.990795 	 0.990795
1.000795 	 1.000795
1.010795 	 1.010795
1.020795 	 1.020795
1.030795 	 1.030795
1.040795 	 1.040795
1.050795 	 1.050795
1.060795 	 1.060795
1.070795 	 1.070795
1.080795 	 1.080795
1.090795 	 1.090795
1.100795 	 1.100795
1.110795 	 1.110795
1.120795 	 1.120795
1.130795 	 1.130795
1.140795 	 1.140795
1.150795 	 1.150795
1.160795 	 1.160795
1.170795 	 1.170795
1.180795 	 1.180795
1.190795 	 1.190795
1.200795 	 1.200795
1.210795 	 1.210795
1.220795 	 1.220795
1.230795 	 1.230795
1.240795 	 1.240795
1.250795 	 1.250795
1.260795 	 1.260795
1.270795 	 1.270795
1.280795 	 1.280795
1.290794 	 1.290794
1.300794 	 1.300794
1.310794 	 1.310794
1.320794 	 1.320794
1.330794 	 1.330794
1.340794 	 1.340794
1.350794 	 1.350794
1.360794 	 1.360794
1.370794 	 1.370794
1.380794 	 1.380794
1.390794 	 1.390794
1.400794 	 1.400794
1.410794 	 1.410794
1.420794 	 1.420794
1.430794 	 1.430794
1.440794 	 1.440794
1.450794 	 1.450794
1.460794 	 1.460794
1.470794 	 1.470794
1.480794 	 1.480794
1.490794 	 1.490794
1.500794 	 1.500794
1.510794 	 1.510794
1.520794 	 1.520794
1.530794 	 1.530794
1.540794 	 1.540794
1.550794 	 1.550794
1.560794 	 1.560794
1.570794 	 1.570794
1.580794 	 1.580794
1.590794 	 1.590794
1.600794 	 1.600794
1.610794 	 1.610794
1.620794 	 1.620794
1.630794 	 1.630794
1.640794 	 1.640794
1.650794 	 1.650794
1.660794 	 1.660794
1.670794 	 1.670794
1.680794 	 1.680794
1.690794 	 1.690794
1.700794 	 1.700794
1.710794 	 1.710794
1.720794 	 1.720794
1.730794 	 1.730794
1.740794 	 1.740794
1.750794 	 1.750794
1.760794 	 1.760794
1.770794 	 1.770794
1.780794 	 1.780794
1.790794 	 1.790794
1.800794 	 1.800794
1.810794 	 1.810794
1.820794 	 1.820794
1.830794 	 1.830794
1.840794 	 1.840794
1.850794 	 1.850794
1.860794 	 1.860794
1.870794 	 1.870794
1.880794 	 1.880794
1.890794 	 1.890794
1.900794 	 1.900794
1.910794 	 1.910794
1.920794 	 1.920794
1.930794 	 1.930794
1.940794 	 1.940794
1.950794 	 1.950794
1.960794 	 1.960794
1.970794 	 1.970794
1.980794 	 1.980794
1.990794 	 1.990794
2.000794 	 2.000794
2.010794 	 2.010794
2.020794 	 2.020794
2.030794 	 2.030794
2.040794 	 2.040794
2.050794 	 2.050794
2.060794 	 2.060794
2.070794 	 2.070794
2.080794 	 2.080794
2.090794 	 2.090794
2.100794 	 2.100794
2.110794 	 2.110794
2.120794 	 2.120794
2.130794 	 2.130794
2.140794 	 2.140794
2.150794 	 2.150794
2.160794 	 2.160794
2.170794 	 2.170794
2.180794 	 2.180794
2.190794 	 2.190794
2.200794 	 2.200794
2.210794 	 2.210794
2.220794 	 2.220794
2.230794 	 2.230794
2.240794 	 2.240794
2.250794 	 2.250794
2.260794 	 2.260794
2.270794 	 2.270794
2.280794 	 2.280794
2.290794 	 2.290794
2.300794 	 2.300794
2.310794 	 2.310794
2.320794 	 2.320794
2.330794 	 2.330794
2.340794 	 2.340794
2.350794 	 2.350794
2.360794 	 2.360794
2.370794 	 2.370794
2.380794 	 2.380794
2.390794 	 2.390794
2.400794 	 2.400794
2.410794 	 2.410794
2.420794 	 2.420794
2.430794 	 2.430794
2.440794 	 2.440794
2.450794 	 2.450794
2.460793 	 2.460793
2.470793 	 2.470793
2.480793 	 2.480793
2.490793 	 2.490793
2.500793 	 2.500793
2.510793 	 2.510793
2.520793 	 2.520793
2.530793 	 2.530793
2.540793 	 2.540793
2.550793 	 2.550793
2.560793 	 2.560793
2.570793 	 2.570793
2.580793 	 2.580793
2.590793 	 2.590793
2.600793 	 2.600793
2.610793 	 2.610793
2.620793 	 2.620793
2.630793 	 2.630793
2.640793 	 2.640793
2.650793 	 2.650793
2.660793 	 2.660793
2.670793 	 2.670793
2.680793 	 2.680793
2.690793 	 2.690793
2.700793 	 2.700793
2.710793 	 2.710793
2.720793 	 2.720793
2.730793 	 2.730793
2.740793 	 2.740793
2.750793 	 2.750793
2.760793 	 2.760793
2.770793 	 2.770793
2.780793 	 2.780793
2.790793 	 2.790793
2.800793 	 2.800793
2.810793 	 2.810793
2.820793 	 2.820793
2.830793 	 2.830793
2.840793 	 2.840793
2.850793 	 2.850793
2.860793 	 2.860793
2.870793 	 2.870793
2.880793 	 2.880793
2.890793 	 2.890793
2.900793 	 2.900793
2.910793 	 2.910793
2.920793 	 2.920793
2.930793 	 2.930793
2.940793 	 2.940793
2.950793 	 2.950793
2.960793 	 2.960793
2.970793 	 2.970793
2.980793 	 2.980793
2.990793 	 2.990793
3.000793 	 3.000793
3.010793 	 3.010793
3.020793 	 3.020793
3.030793 	 3.030793
3.040793 	 3.040793
3.050793 	 3.050793
3.060793 	 3.060793
3.070793 	 3.070793
3.080793 	 3.080793
3.090793 	 3.090793
3.100793 	 3.100793
3.110793 	 3.110793
3.120793 	 3.120793
3.130793 	 3.130793
3.140793 	 3.140793
3.150793 	 3.132387
3.160793 	 3.122387
3.170793 	 3.112387
3.180793 	 3.102387
3.190793 	 3.092387
3.200793 	 3.082387
3.210793 	 3.072387
3.220793 	 3.062387
3.230793 	 3.052387
3.240793 	 3.042387
3.250793 	 3.032387
3.260793 	 3.022387
3.270793 	 3.012387
3.280793 	 3.002387
3.290793 	 2.992387
3.300793 	 2.982387
3.310793 	 2.972387
3.320793 	 2.962387
3.330793 	 2.952387
3.340793 	 2.942387
3.350793 	 2.932387
3.360793 	 2.922387
3.370793 	 2.912387
3.380793 	 2.902387
3.390793 	 2.892387
3.400793 	 2.882387
3.410793 	 2.872387
3.420793 	 2.862387
3.430793 	 2.852387
3.440793 	 2.842387
3.450793 	 2.832387
3.460793 	 2.822387
3.470793 	 2.812387
3.480793 	 2.802387
3.490793 	 2.792387
3.500793 	 2.782387
3.510792 	 2.772388
3.520792 	 2.762388
3.530792 	 2.752388
3.540792 	 2.742388
3.550792 	 2.732388
3.560792 	 2.722388
3.570792 	 2.712388
3.580792 	 2.702388
3.590792 	 2.692388
3.600792 	 2.682388
3.610792 	 2.672388
3.620792 	 2.662388
3.630792 	 2.652388
3.640792 	 2.642388
3.650792 	 2.632388
3.660792 	 2.622388
3.670792 	 2.612388
3.680792 	 2.602388
3.690792 	 2.592388
3.700792 	 2.582388
3.710792 	 2.572388
3.720792 	 2.562388
3.730792 	 2.552388
3.740792 	 2.542388
3.750792 	 2.532388
3.760792 	 2.522388
3.770792 	 2.512388
3.780792 	 2.502388
3.790792 	 2.492388
3.800792 	 2.482388
3.810792 	 2.472388
3.820792 	 2.462388
3.830792 	 2.452388
3.840792 	 2.442388
3.850792 	 2.432388
3.860792 	 2.422388
3.870792 	 2.412388
3.880792 	 2.402388
3.890792 	 2.392388
3.900792 	 2.382388
3.910792 	 2.372388
3.920792 	 2.362388
3.930792 	 2.352388
3.940792 	 2.342388
3.950792 	 2.332388
3.960792 	 2.322388
3.970792 	 2.312388
3.980792 	 2.302388
3.990792 	 2.292388
4.000792 	 2.282388
4.010792 	 2.272388
4.020792 	 2.262388
4.030793 	 2.252387
4.040793 	 2.242387
4.050793 	 2.232387
4.060793 	 2.222387
4.070794 	 2.212386
4.080794 	 2.202386
4.090794 	 2.192386
4.100794 	 2.182386
4.110795 	 2.172385
4.120795 	 2.162385
4.130795 	 2.152385
4.140795 	 2.142385
4.150795 	 2.132385
4.160796 	 2.122384
4.170796 	 2.112384
4.180796 	 2.102384
4.190796 	 2.092384
4.200797 	 2.082383
4.210797 	 2.072383
4.220797 	 2.062383
4.230797 	 2.052383
4.240798 	 2.042382
4.250798 	 2.032382
4.260798 	 2.022382
4.270798 	 2.012382
4.280798 	 2.002382
4.290799 	 1.992381
4.300799 	 1.982381
4.310799 	 1.972381
4.320799 	 1.962381
4.330800 	 1.952380
4.340800 	 1.942380
4.350800 	 1.932380
4.360800 	 1.922380
4.370800 	 1.912380
4.380801 	 1.902379
4.390801 	 1.892379
4.400801 	 1.882379
4.410801 	 1.872379
4.420802 	 1.862378
4.430802 	 1.852378
4.440802 	 1.842378
4.450802 	 1.832378
4.460803 	 1.822377
4.470803 	 1.812377
4.480803 	 1.802377
4.490803 	 1.792377
4.500803 	 1.782377
4.510804 	 1.772376
4.520804 	 1.762376
4.530804 	 1.752376
4.540804 	 1.742376
4.550805 	 1.732375
4.560805 	 1.722375
4.570805 	 1.712375
4.580805 	 1.702375
4.590806 	 1.692374
4.600806 	 1.682374
4.610806 	 1.672374
4.620806 	 1.662374
4.630806 	 1.652374
4.640807 	 1.642373
4.650807 	 1.632373
4.660807 	 1.622373
4.670807 	 1.612373
4.680808 	 1.602372
4.690808 	 1.592372
4.700808 	 1.582372
4.710808 	 1.572372
4.720809 	 1.562371
4.730809 	 1.552371
4.740809 	 1.542371
4.750809 	 1.532371
4.760809 	 1.522371
4.770810 	 1.512370
4.780810 	 1.502370
4.790810 	 1.492370
4.800810 	 1.482370
4.810811 	 1.472369
4.820811 	 1.462369
4.830811 	 1.452369
4.840811 	 1.442369
4.850811 	 1.432369
4.860812 	 1.422368
4.870812 	 1.412368
4.880812 	 1.402368
4.890812 	 1.392368
4.900813 	 1.382367
4.910813 	 1.372367
4.920813 	 1.362367
4.930813 	 1.352367
4.940814 	 1.342366
4.950814 	 1.332366
4.960814 	 1.322366
4.970814 	 1.312366
4.980814 	 1.302366
4.990815 	 1.292365
5.000815 	 1.282365
5.010815 	 1.272365
5.020815 	 1.262365
5.030816 	 1.252364
5.040816 	 1.242364
5.050816 	 1.232364
5.060816 	 1.222364
5.070817 	 1.212363
5.080817 	 1.202363
5.090817 	 1.192363
5.100817 	 1.182363
5.110817 	 1.172363
5.120818 	 1.162362
5.130818 	 1.152362
5.140818 	 1.142362
5.150818 	 1.132362
5.160819 	 1.122361
5.170819 	 1.112361
5.180819 	 1.102361
5.190819 	 1.092361
5.200819 	 1.082361
5.210820 	 1.072360
5.220820 	 1.062360
5.230820 	 1.052360
5.240820 	 1.042360
5.250821 	 1.032359
5.260821 	 1.022359
5.270821 	 1.012359
5.280821 	 1.002359
5.290822 	 0.992358
5.300822 	 0.982358
5.310822 	 0.972358
5.320822 	 0.962358
5.330822 	 0.952358
5.340823 	 0.942357
5.350823 	 0.932357
5.360823 	 0.922357
5.370823 	 0.912357
5.380824 	 0.902356
5.390824 	 0.892356
5.400824 	 0.882356
5.410824 	 0.872356
5.420825 	 0.862355
5.430825 	 0.852355
5.440825 	 0.842355
5.450825 	 0.832355
5.460825 	 0.822355
5.470826 	 0.812354
5.480826 	 0.802354
5.490826 	 0.792354
5.500826 	 0.782354
5.510827 	 0.772353
5.520827 	 0.762353
5.530827 	 0.752353
5.540827 	 0.742353
5.550828 	 0.732352
5.560828 	 0.722352
5.570828 	 0.712352
5.580828 	 0.702352
5.590828 	 0.692352
5.600829 	 0.682351
5.610829 	 0.672351
5.620829 	 0.662351
5.630829 	 0.652351
5.640830 	 0.642350
5.650830 	 0.632350
5.660830 	 0.622350
5.670830 	 0.612350
5.680830 	 0.602350
5.690831 	 0.592349
5.700831 	 0.582349
5.710831 	 0.572349
5.720831 	 0.562349
5.730832 	 0.552348
5.740832 	 0.542348
5.750832 	 0.532348
5.760832 	 0.522348
5.770833 	 0.512347
5.780833 	 0.502347
5.790833 	 0.492347
5.800833 	 0.482347
5.810833 	 0.472347
5.820834 	 0.462346
5.830834 	 0.452346
5.840834 	 0.442346
5.850834 	 0.432346
5.860835 	 0.422345
5.870835 	 0.412345
5.880835 	 0.402345
5.890835 	 0.392345
5.900836 	 0.382344
5.910836 	 0.372344
5.920836 	 0.362344
5.930836 	 0.352344
5.940836 	 0.342344
5.950837 	 0.332343
5.960837 	 0.322343
5.970837 	 0.312343
5.980837 	 0.302343
5.990838 	 0.292342
6.000838 	 0.282342
6.010838 	 0.272342
6.020838 	 0.262342
6.030838 	 0.252342
6.040839 	 0.242341
6.050839 	 0.232341
6.060839 	 0.222341
6.070839 	 0.212341
6.080840 	 0.202340
6.090840 	 0.192340
6.100840 	 0.182340
6.110840 	 0.172340
6.120841 	 0.162339
6.130841 	 0.152339
6.140841 	 0.142339
6.150841 	 0.132339
6.160841 	 0.122339
6.170842 	 0.112338
6.180842 	 0.102338
6.190842 	 0.092338
6.200842 	 0.082338
6.210843 	 0.072337
6.220843 	 0.062337
6.230843 	 0.052337
6.240843 	 0.042337
6.250844 	 0.032336
6.260844 	 0.022336
6.270844 	 0.012336
6.280844 	 0.002336
6.290844 	 0.007664
6.300845 	 0.017665
6.310845 	 0.027665
6.320845 	 0.037665
6.330845 	 0.047665
6.340846 	 0.057666
6.350846 	 0.067666
6.360846 	 0.077666
6.370846 	 0.087666
6.380847 	 0.097667
6.390847 	 0.107667
6.400847 	 0.117667
6.410847 	 0.127667
6.420847 	 0.137667
6.430848 	 0.147668
6.440848 	 0.157668
6.450848 	 0.167668
6.460848 	 0.177668
6.470849 	 0.187669
6.480849 	 0.197669
6.490849 	 0.207669
6.500849 	 0.217669
6.510849 	 0.227669
6.520850 	 0.237670
6.530850 	 0.247670
6.540850 	 0.257670
6.550850 	 0.267670
6.560851 	 0.277671
6.570851 	 0.287671
6.580851 	 0.297671
6.590851 	 0.307671
6.600852 	 0.317672
6.610852 	 0.327672
6.620852 	 0.337672
6.630852 	 0.347672
6.640852 	 0.357672
6.650853 	 0.367673
6.660853 	 0.377673
6.670853 	 0.387673
6.680853 	 0.397673
6.690854 	 0.407674
6.700854 	 0.417674
6.710854 	 0.427674
6.720854 	 0.437674
6.730855 	 0.447675
6.740855 	 0.457675
6.750855 	 0.467675
6.760855 	 0.477675
6.770855 	 0.487675
6.780856 	 0.497676
6.790856 	 0.507676
6.800856 	 0.517676
6.810856 	 0.527676
6.820857 	 0.537677
6.830857 	 0.547677
6.840857 	 0.557677
6.850857 	 0.567677
6.860857 	 0.577677
6.870858 	 0.587678
6.880858 	 0.597678
6.890858 	 0.607678
6.900858 	 0.617678
6.910859 	 0.627679
6.920859 	 0.637679
6.930859 	 0.647679
6.940859 	 0.657679
6.950860 	 0.667680
6.960860 	 0.677680
6.970860 	 0.687680
6.980860 	 0.697680
6.990860 	 0.707680
7.000861 	 0.717681
7.010861 	 0.727681
7.020861 	 0.737681
7.030861 	 0.747681
7.040862 	 0.757682
7.050862 	 0.767682
7.060862 	 0.777682
7.070862 	 0.787682
7.080863 	 0.797683
7.090863 	 0.807683
7.100863 	 0.817683
7.110863 	 0.827683
7.120863 	 0.837683
7.130864 	 0.847684
7.140864 	 0.857684
7.150864 	 0.867684
7.160864 	 0.877684
7.170865 	 0.887685
7.180865 	 0.897685
7.190865 	 0.907685
7.200865 	 0.917685
7.210865 	 0.927685
7.220866 	 0.937686
7.230866 	 0.947686
7.240866 	 0.957686
7.250866 	 0.967686
7.260867 	 0.977687
7.270867 	 0.987687
7.280867 	 0.997687
7.290867 	 1.007687
7.300868 	 1.017688
7.310868 	 1.027688
7.320868 	 1.037688
7.330868 	 1.047688
7.340868 	 1.057688
7.350869 	 1.067689
7.360869 	 1.077689
7.370869 	 1.087689
7.380869 	 1.097689
7.390870 	 1.107690
7.400870 	 1.117690
7.410870 	 1.127690
7.420870 	 1.137690
7.430871 	 1.147691
7.440871 	 1.157691
7.450871 	 1.167691
7.460871 	 1.177691
7.470871 	 1.187691
7.480872 	 1.197692
7.490872 	 1.207692
7.500872 	 1.217692
7.510872 	 1.227692
7.520873 	 1.237693
7.530873 	 1.247693
7.540873 	 1.257693
7.550873 	 1.267693
7.560874 	 1.277694
7.570874 	 1.287694
7.580874 	 1.297694
7.590874 	 1.307694
7.600874 	 1.317694
7.610875 	 1.327695
7.620875 	 1.337695
7.630875 	 1.347695
7.640875 	 1.357695
7.650876 	 1.367696
7.660876 	 1.377696
7.670876 	 1.387696
7.680876 	 1.397696
7.690876 	 1.407696
7.700877 	 1.417697
7.710877 	 1.427697
7.720877 	 1.437697
7.730877 	 1.447697
7.740878 	 1.457698
7.750878 	 1.467698
7.760878 	 1.477698
7.770878 	 1.487698
7.780879 	 1.497699
7.790879 	 1.507699
7.800879 	 1.517699
7.810879 	 1.527699
7.820879 	 1.537699
7.830880 	 1.547700
7.840880 	 1.557700
7.850880 	 1.567700
7.860880 	 1.577700
7.870881 	 1.587701
7.880881 	 1.597701
7.890881 	 1.607701
7.900881 	 1.617701
7.910882 	 1.627702
7.920882 	 1.637702
7.930882 	 1.647702
7.940882 	 1.657702
7.950882 	 1.667702
7.960883 	 1.677703
7.970883 	 1.687703
7.980883 	 1.697703
7.990883 	 1.707703
8.000883 	 1.717703
8.010883 	 1.727703
8.020884 	 1.737704
8.030884 	 1.747704
8.040884 	 1.757704
8.050884 	 1.767704
8.060884 	 1.777704
8.070885 	 1.787705
8.080885 	 1.797705
8.090885 	 1.807705
8.100885 	 1.817705
8.110886 	 1.827706
8.120886 	 1.837706
8.130886 	 1.847706
8.140886 	 1.857706
8.150887 	 1.867707
8.160887 	 1.877707
8.170887 	 1.887707
8.180887 	 1.897707
8.190887 	 1.907707
8.200888 	 1.917708
8.210888 	 1.927708
8.220888 	 1.937708
8.230888 	 1.947708
8.240889 	 1.957709
8.250889 	 1.967709
8.260889 	 1.977709
8.270889 	 1.987709
8.280890 	 1.997710
8.290890 	 2.007710
8.300890 	 2.017710
8.310890 	 2.027710
8.320890 	 2.037710
8.330891 	 2.047711
8.340891 	 2.057711
8.350891 	 2.067711
8.360891 	 2.077711
8.370892 	 2.087712
8.380892 	 2.097712
8.390892 	 2.107712
8.400892 	 2.117712
8.410892 	 2.127712
8.420893 	 2.137713
8.430893 	 2.147713
8.440893 	 2.157713
8.450893 	 2.167713
8.460894 	 2.177714
8.470894 	 2.187714
8.480894 	 2.197714
8.490894 	 2.207714
8.500895 	 2.217715
8.510895 	 2.227715
8.520895 	 2.237715
8.530895 	 2.247715
8.540895 	 2.257715
8.550896 	 2.267716
8.560896 	 2.277716
8.570896 	 2.287716
8.580896 	 2.297716
8.590897 	 2.307717
8.600897 	 2.317717
8.610897 	 2.327717
8.620897 	 2.337717
8.630898 	 2.347718
8.640898 	 2.357718
8.650898 	 2.367718
8.660898 	 2.377718
8.670898 	 2.387718
8.680899 	 2.397719
8.690899 	 2.407719
8.700899 	 2.417719
8.710899 	 2.427719
8.720900 	 2.437720
8.730900 	 2.447720
8.740900 	 2.457720
8.750900 	 2.467720
8.760900 	 2.477720
8.770901 	 2.487721
8.780901 	 2.497721
8.790901 	 2.507721
8.800901 	 2.517721
8.810902 	 2.527722
8.820902 	 2.537722
8.830902 	 2.547722
8.840902 	 2.557722
8.850903 	 2.567723
8.860903 	 2.577723
8.870903 	 2.587723
8.880903 	 2.597723
8.890903 	 2.607723
8.900904 	 2.617724
8.910904 	 2.627724
8.920904 	 2.637724
8.930904 	 2.647724
8.940905 	 2.657725
8.950905 	 2.667725
8.960905 	 2.677725
8.970905 	 2.687725
8.980906 	 2.697726
8.990906 	 2.707726
9.000906 	 2.717726
9.010906 	 2.727726
9.020906 	 2.737726
9.030907 	 2.747727
9.040907 	 2.757727
9.050907 	 2.767727
9.060907 	 2.777727
9.070908 	 2.787728
9.080908 	 2.797728
9.090908 	 2.807728
9.100908 	 2.817728
9.110909 	 2.827729
9.120909 	 2.837729
9.130909 	 2.847729
9.140909 	 2.857729
9.150909 	 2.867729
9.160910 	 2.877730
9.170910 	 2.887730
9.180910 	 2.897730
9.190910 	 2.907730
9.200911 	 2.917731
9.210911 	 2.927731
9.220911 	 2.937731
9.230911 	 2.947731
9.240911 	 2.957731
9.250912 	 2.967732
9.260912 	 2.977732
9.270912 	 2.987732
9.280912 	 2.997732
9.290913 	 3.007733
9.300913 	 3.017733
9.310913 	 3.027733
9.320913 	 3.037733
9.330914 	 3.047734
9.340914 	 3.057734
9.350914 	 3.067734
9.360914 	 3.077734
9.370914 	 3.087734
9.380915 	 3.097735
9.390915 	 3.107735
9.400915 	 3.117735
9.410915 	 3.127735
9.420916 	 3.137736
9.430916 	 3.135444
9.440916 	 3.125444
9.450916 	 3.115444
9.460917 	 3.105443
9.470917 	 3.095443
9.480917 	 3.085443
9.490917 	 3.075443
9.500917 	 3.065443
9.510918 	 3.055442
9.520918 	 3.045442
9.530918 	 3.035442
9.540918 	 3.025442
9.550919 	 3.015441
9.560919 	 3.005441
9.570919 	 2.995441
9.580919 	 2.985441
9.590919 	 2.975441
9.600920 	 2.965440
9.610920 	 2.955440
9.620920 	 2.945440
9.630920 	 2.935440
9.640921 	 2.925439
9.650921 	 2.915439
9.660921 	 2.905439
9.670921 	 2.895439
9.680922 	 2.885438
9.690922 	 2.875438
9.700922 	 2.865438
9.710922 	 2.855438
9.720922 	 2.845438
9.730923 	 2.835437
9.740923 	 2.825437
9.750923 	 2.815437
9.760923 	 2.805437
9.770924 	 2.795436
9.780924 	 2.785436
9.790924 	 2.775436
9.800924 	 2.765436
9.810925 	 2.755435
9.820925 	 2.745435
9.830925 	 2.735435
9.840925 	 2.725435
9.850925 	 2.715435
9.860926 	 2.705434
9.870926 	 2.695434
9.880926 	 2.685434
9.890926 	 2.675434
9.900927 	 2.665433
9.910927 	 2.655433
9.920927 	 2.645433
9.930927 	 2.635433
9.940928 	 2.625432
9.950928 	 2.615432
9.960928 	 2.605432
9.970928 	 2.595432
9.980928 	 2.585432
9.990929 	 2.575431
10.000929 	 2.565431
10.010929 	 2.555431
10.020929 	 2.545431
10.030930 	 2.535430
10.040930 	 2.525430
10.050930 	 2.515430
10.060930 	 2.505430
10.070930 	 2.495430
10.080931 	 2.485429
10.090931 	 2.475429
10.100931 	 2.465429
10.110931 	 2.455429
10.120932 	 2.445428
10.130932 	 2.435428
10.140932 	 2.425428
10.150932 	 2.415428
10.160933 	 2.405427
10.170933 	 2.395427
10.180933 	 2.385427
10.190933 	 2.375427
10.200933 	 2.365427
10.210934 	 2.355426
10.220934 	 2.345426
10.230934 	 2.335426
10.240934 	 2.325426
10.250935 	 2.315425
10.260935 	 2.305425
10.270935 	 2.295425
10.280935 	 2.285425
10.290936 	 2.275425
10.300936 	 2.265424
10.310936 	 2.255424
10.320936 	 2.245424
10.330936 	 2.235424
10.340937 	 2.225424
10.350937 	 2.215423
10.360937 	 2.205423
10.370937 	 2.195423
10.380938 	 2.185423
10.390938 	 2.175422
10.400938 	 2.165422
10.410938 	 2.155422
10.420938 	 2.145422
10.430939 	 2.135422
10.440939 	 2.125421
10.450939 	 2.115421
10.460939 	 2.105421
10.470940 	 2.095421
10.480940 	 2.085420
10.490940 	 2.075420
10.500940 	 2.065420
10.510941 	 2.055420
10.520941 	 2.045419
10.530941 	 2.035419
10.540941 	 2.025419
10.550941 	 2.015419
10.560942 	 2.005419
10.570942 	 1.995418
10.580942 	 1.985418
10.590942 	 1.975418
10.600943 	 1.965418
10.610943 	 1.955417
10.620943 	 1.945417
10.630943 	 1.935417
10.640944 	 1.925417
10.650944 	 1.915416
10.660944 	 1.905416
10.670944 	 1.895416
10.680944 	 1.885416
10.690945 	 1.875416
10.700945 	 1.865415
10.710945 	 1.855415
10.720945 	 1.845415
10.730946 	 1.835415
10.740946 	 1.825414
10.750946 	 1.815414
10.760946 	 1.805414
10.770947 	 1.795414
10.780947 	 1.785414
10.790947 	 1.775413
10.800947 	 1.765413
10.810947 	 1.755413
10.820948 	 1.745413
10.830948 	 1.735412
10.840948 	 1.725412
10.850948 	 1.715412
10.860949 	 1.705412
10.870949 	 1.695411
10.880949 	 1.685411
10.890949 	 1.675411
10.900949 	 1.665411
10.910950 	 1.655411
10.920950 	 1.645410
10.930950 	 1.635410
10.940950 	 1.625410
10.950951 	 1.615410
10.960951 	 1.605409
10.970951 	 1.595409
10.980951 	 1.585409
10.990952 	 1.575409
11.000952 	 1.565408
11.010952 	 1.555408
11.020952 	 1.545408
11.030952 	 1.535408
11.040953 	 1.525408
11.050953 	 1.515407
11.060953 	 1.505407
11.070953 	 1.495407
11.080954 	 1.485407
11.090954 	 1.475406
11.100954 	 1.465406
11.110954 	 1.455406
11.120955 	 1.445406
11.130955 	 1.435405
11.140955 	 1.425405
11.150955 	 1.415405
11.160955 	 1.405405
11.170956 	 1.395405
11.180956 	 1.385404
11.190956 	 1.375404
11.200956 	 1.365404
11.210957 	 1.355404
11.220957 	 1.345403
11.230957 	 1.335403
11.240957 	 1.325403
11.250957 	 1.315403
11.260958 	 1.305403
11.270958 	 1.295402
11.280958 	 1.285402
11.290958 	 1.275402
11.300959 	 1.265402
11.310959 	 1.255401
11.320959 	 1.245401
11.330959 	 1.235401
11.340960 	 1.225401
11.350960 	 1.215400
11.360960 	 1.205400
11.370960 	 1.195400
11.380960 	 1.185400
11.390961 	 1.175400
11.400961 	 1.165399
11.410961 	 1.155399
11.420961 	 1.145399
11.430962 	 1.135399
11.440962 	 1.125398
11.450962 	 1.115398
11.460962 	 1.105398
11.470963 	 1.095398
11.480963 	 1.085397
11.490963 	 1.075397
11.500963 	 1.065397
11.510963 	 1.055397
11.520964 	 1.045397
11.530964 	 1.035396
11.540964 	 1.025396
11.550964 	 1.015396
11.560965 	 1.005396
11.570965 	 0.995395
11.580965 	 0.985395
11.590965 	 0.975395
11.600965 	 0.965395
11.610966 	 0.955395
11.620966 	 0.945394
11.630966 	 0.935394
11.640966 	 0.925394
11.650967 	 0.915394
11.660967 	 0.905393
11.670967 	 0.895393
11.680967 	 0.885393
11.690968 	 0.875393
11.700968 	 0.865392
11.710968 	 0.855392
11.720968 	 0.845392
11.730968 	 0.835392
11.740969 	 0.825392
11.750969 	 0.815391
11.760969 	 0.805391
11.770969 	 0.795391
11.780970 	 0.785391
11.790970 	 0.775390
11.800970 	 0.765390
11.810970 	 0.755390
11.820971 	 0.745390
11.830971 	 0.735389
11.840971 	 0.725389
11.850971 	 0.715389
11.860971 	 0.705389
11.870972 	 0.695389
11.880972 	 0.685388
11.890972 	 0.675388
11.900972 	 0.665388
11.910973 	 0.655388
11.920973 	 0.645387
11.930973 	 0.635387
11.940973 	 0.625387
11.950974 	 0.615387
11.960974 	 0.605386
11.970974 	 0.595386
11.980974 	 0.585386
11.990974 	 0.575386
12.000975 	 0.565386
12.010975 	 0.555385
12.020975 	 0.545385
12.030975 	 0.535385
12.040976 	 0.525385
12.050976 	 0.515384
12.060976 	 0.505384
12.070976 	 0.495384
12.080976 	 0.485384
12.090977 	 0.475384
12.100977 	 0.465383
12.110977 	 0.455383
12.120977 	 0.445383
12.130978 	 0.435383
12.140978 	 0.425382
12.150978 	 0.415382
12.160978 	 0.405382
12.170979 	 0.395382
12.180979 	 0.385381
12.190979 	 0.375381
12.200979 	 0.365381
12.210979 	 0.355381
12.220980 	 0.345381
12.230980 	 0.335380
12.240980 	 0.325380
12.250980 	 0.315380
12.260981 	 0.305380
12.270981 	 0.295379
12.280981 	 0.285379
12.290981 	 0.275379
12.300982 	 0.265379
12.310982 	 0.255378
12.320982 	 0.245378
12.330982 	 0.235378
12.340982 	 0.225378
12.350983 	 0.215378
12.360983 	 0.205377
12.370983 	 0.195377
12.380983 	 0.185377
12.390984 	 0.175377
12.400984 	 0.165376
12.410984 	 0.155376
12.420984 	 0.145376
12.430984 	 0.135376
12.440985 	 0.125376
12.450985 	 0.115375
12.460985 	 0.105375
12.470985 	 0.095375
12.480986 	 0.085375
12.490986 	 0.075374
12.500986 	 0.065374
12.510986 	 0.055374
12.520987 	 0.045374
12.530987 	 0.035373
12.540987 	 0.025373
12.550987 	 0.015373
12.560987 	 0.005373
12.570988 	 0.004628
12.580988 	 0.014628
12.590988 	 0.024628
12.600988 	 0.034628
12.610989 	 0.044629
12.620989 	 0.054629
12.630989 	 0.064629
12.640989 	 0.074629
12.650990 	 0.084630
12.660990 	 0.094630
12.670990 	 0.104630
12.680990 	 0.114630
12.690990 	 0.124630
12.700991 	 0.134631
12.710991 	 0.144631
12.720991 	 0.154631
12.730991 	 0.164631
12.740992 	 0.174632
12.750992 	 0.184632
12.760992 	 0.194632
12.770992 	 0.204632
12.780993 	 0.214633
12.790993 	 0.224633
12.800993 	 0.234633
12.810993 	 0.244633
12.820993 	 0.254633
12.830994 	 0.264634
12.840994 	 0.274634
12.850994 	 0.284634
12.860994 	 0.294634
12.870995 	 0.304635
12.880995 	 0.314635
12.890995 	 0.324635
12.900995 	 0.334635
12.910995 	 0.344635
12.920996 	 0.354636
12.930996 	 0.364636
12.940996 	 0.374636
12.950996 	 0.384636
12.960997 	 0.394637
12.970997 	 0.404637
12.980997 	 0.414637
12.990997 	 0.424637
13.000998 	 0.434638
13.010998 	 0.444638
13.020998 	 0.454638
13.030998 	 0.464638
13.040998 	 0.474638
13.050999 	 0.484639
13.060999 	 0.494639
13.070999 	 0.504639
13.080999 	 0.514639
13.091000 	 0.524640
13.101000 	 0.534640
13.111000 	 0.544640
13.121000 	 0.554640
13.131001 	 0.564641
13.141001 	 0.574641
13.151001 	 0.584641
13.161001 	 0.594641
13.171001 	 0.604641
13.181002 	 0.614642
13.191002 	 0.624642
13.201002 	 0.634642
13.211002 	 0.644642
13.221003 	 0.654643
13.231003 	 0.664643
13.241003 	 0.674643
13.251003 	 0.684643
13.261003 	 0.694643
13.271004 	 0.704644
13.281004 	 0.714644
13.291004 	 0.724644
13.301004 	 0.734644
13.311005 	 0.744645
13.321005 	 0.754645
13.331005 	 0.764645
13.341005 	 0.774645
13.351006 	 0.784646
13.361006 	 0.794646
13.371006 	 0.804646
13.381006 	 0.814646
13.391006 	 0.824646
13.401007 	 0.834647
13.411007 	 0.844647
13.421007 	 0.854647
13.431007 	 0.864647
13.441008 	 0.874648
13.451008 	 0.884648
13.461008 	 0.894648
13.471008 	 0.904648
13.481009 	 0.914649
13.491009 	 0.924649
13.501009 	 0.934649
13.511009 	 0.944649
13.521009 	 0.954649
13.531010 	 0.964650
13.541010 	 0.974650
13.551010 	 0.984650
13.561010 	 0.994650
13.571011 	 1.004651
13.581011 	 1.014651
13.591011 	 1.024651
13.601011 	 1.034651
13.611012 	 1.044652
13.621012 	 1.054652
13.631012 	 1.064652
13.641012 	 1.074652
13.651012 	 1.084652
13.661013 	 1.094653
13.671013 	 1.104653
13.681013 	 1.114653
13.691013 	 1.124653
13.701014 	 1.134654
13.711014 	 1.144654
13.721014 	 1.154654
13.731014 	 1.164654
13.741014 	 1.174654
13.751015 	 1.184655
13.761015 	 1.194655
13.771015 	 1.204655
13.781015 	 1.214655
13.791016 	 1.224656
13.801016 	 1.234656
13.811016 	 1.244656
13.821016 	 1.254656
13.831017 	 1.264657
13.841017 	 1.274657
13.851017 	 1.284657
13.861017 	 1.294657
13.871017 	 1.304657
13.881018 	 1.314658
13.891018 	 1.324658
13.901018 	 1.334658
13.911018 	 1.344658
13.921019 	 1.354659
13.931019 	 1.364659
13.941019 	 1.374659
13.951019 	 1.384659
13.961020 	 1.394660
13.971020 	 1.404660
13.981020 	 1.414660
13.991020 	 1.424660
14.001020 	 1.434660
14.011021 	 1.444661
14.021021 	 1.454661
14.031021 	 1.464661
14.041021 	 1.474661
14.051022 	 1.484662
14.061022 	 1.494662
14.071022 	 1.504662
14.081022 	 1.514662
14.091022 	 1.524662
14.101023 	 1.534663
14.111023 	 1.544663
14.121023 	 1.554663
14.131023 	 1.564663
14.141024 	 1.574664
14.151024 	 1.584664
14.161024 	 1.594664
14.171024 	 1.604664
14.181025 	 1.614665
14.191025 	 1.624665
14.201025 	 1.634665
14.211025 	 1.644665
14.221025 	 1.654665
14.231026 	 1.664666
14.241026 	 1.674666
14.251026 	 1.684666
14.261026 	 1.694666
14.271027 	 1.704667
14.281027 	 1.714667
14.291027 	 1.724667
14.301027 	 1.734667
14.311028 	 1.744668
14.321028 	 1.754668
14.331028 	 1.764668
14.341028 	 1.774668
14.351028 	 1.784668
14.361029 	 1.794669
14.371029 	 1.804669
14.381029 	 1.814669
14.391029 	 1.824669
14.401030 	 1.834670
14.411030 	 1.844670
14.421030 	 1.854670
14.431030 	 1.864670
14.441031 	 1.874671
14.451031 	 1.884671
14.461031 	 1.894671
14.471031 	 1.904671
14.481031 	 1.914671
14.491032 	 1.924672
14.501032 	 1.934672
14.511032 	 1.944672
14.521032 	 1.954672
14.531033 	 1.964673
14.541033 	 1.974673
14.551033 	 1.984673
14.561033 	 1.994673
14.571033 	 2.004673
14.581034 	 2.014674
14.591034 	 2.024674
14.601034 	 2.034674
14.611034 	 2.044674
14.621035 	 2.054675
14.631035 	 2.064675
14.641035 	 2.074675
14.651035 	 2.084675
14.661036 	 2.094676
14.671036 	 2.104676
14.681036 	 2.114676
14.691036 	 2.124676
14.701036 	 2.134676
14.711037 	 2.144677
14.721037 	 2.154677
14.731037 	 2.164677
14.741037 	 2.174677
14.751038 	 2.184678
14.761038 	 2.194678
14.771038 	 2.204678
14.781038 	 2.214678
14.791039 	 2.224679
14.801039 	 2.234679
14.811039 	 2.244679
14.821039 	 2.254679
14.831039 	 2.264679
14.841040 	 2.274680
14.851040 	 2.284680
14.861040 	 2.294680
14.871040 	 2.304680
14.881041 	 2.314681
14.891041 	 2.324681
14.901041 	 2.334681
14.911041 	 2.344681
14.921041 	 2.354681
14.931042 	 2.364682
14.941042 	 2.374682
14.951042 	 2.384682
14.961042 	 2.394682
14.971043 	 2.404683
14.981043 	 2.414683
14.991043 	 2.424683
15.001043 	 2.434683
15.011044 	 2.444684
15.021044 	 2.454684
15.031044 	 2.464684
15.041044 	 2.474684
15.051044 	 2.484684
15.061045 	 2.494685
15.071045 	 2.504685
15.081045 	 2.514685
15.091045 	 2.524685
15.101046 	 2.534686
15.111046 	 2.544686
15.121046 	 2.554686
15.131046 	 2.564686
15.141047 	 2.574687
15.151047 	 2.584687
15.161047 	 2.594687
15.171047 	 2.604687
15.181047 	 2.614687
15.191048 	 2.624688
15.201048 	 2.634688
15.211048 	 2.644688
15.221048 	 2.654688
15.231049 	 2.664689
15.241049 	 2.674689
15.251049 	 2.684689
15.261049 	 2.694689
15.271049 	 2.704690
15.281050 	 2.714690
15.291050 	 2.724690
15.301050 	 2.734690
15.311050 	 2.744690
15.321051 	 2.754691
15.331051 	 2.764691
15.341051 	 2.774691
15.351051 	 2.784691
15.361052 	 2.794692
15.371052 	 2.804692
15.381052 	 2.814692
15.391052 	 2.824692
15.401052 	 2.834692
15.411053 	 2.844693
15.421053 	 2.854693
15.431053 	 2.864693
15.441053 	 2.874693
15.451054 	 2.884694
15.461054 	 2.894694
15.471054 	 2.904694
15.481054 	 2.914694
15.491055 	 2.924695
15.501055 	 2.934695
15.511055 	 2.944695
15.521055 	 2.954695
15.531055 	 2.964695
15.541056 	 2.974696
15.551056 	 2.984696
15.561056 	 2.994696
15.571056 	 3.004696
15.581057 	 3.014697
15.591057 	 3.024697
15.601057 	 3.034697
15.611057 	 3.044697
15.621058 	 3.054698
15.631058 	 3.064698
15.641058 	 3.074698
15.651058 	 3.084698
15.661058 	 3.094698
15.671059 	 3.104699
15.681059 	 3.114699
15.691059 	 3.124699
15.701059 	 3.134699
15.711060 	 3.138480
15.721060 	 3.128480
15.731060 	 3.118480
15.741060 	 3.108480
15.751060 	 3.098480
15.761061 	 3.088479
15.771061 	 3.078479
15.781061 	 3.068479
15.791061 	 3.058479
15.801062 	 3.048478
15.811062 	 3.038478
15.821062 	 3.028478
15.831062 	 3.018478
15.841063 	 3.008477
15.851063 	 2.998477
15.861063 	 2.988477
15.871063 	 2.978477
15.881063 	 2.968477
15.891064 	 2.958476
15.901064 	 2.948476
15.911064 	 2.938476
15.921064 	 2.928476
15.931065 	 2.918475
15.941065 	 2.908475
15.951065 	 2.898475
15.961065 	 2.888475
15.971066 	 2.878474
15.981066 	 2.868474
15.991066 	 2.858474
16.001066 	 2.848474
16.011066 	 2.838474
16.021067 	 2.828473
16.031067 	 2.818473
16.041067 	 2.808473
16.051067 	 2.798473
16.061068 	 2.788472
16.071068 	 2.778472
16.081068 	 2.768472
16.091068 	 2.758472
16.101068 	 2.748471
16.111069 	 2.738471
16.121069 	 2.728471
16.131069 	 2.718471
16.141069 	 2.708471
16.151070 	 2.698470
16.161070 	 2.688470
16.171070 	 2.678470
16.181070 	 2.668470
16.191071 	 2.658469
16.201071 	 2.648469
16.211071 	 2.638469
16.221071 	 2.628469
16.231071 	 2.618469
16.241072 	 2.608468
16.251072 	 2.598468
16.261072 	 2.588468
16.271072 	 2.578468
16.281073 	 2.568467
16.291073 	 2.558467
16.301073 	 2.548467
16.311073 	 2.538467
16.321074 	 2.528466
16.331074 	 2.518466
16.341074 	 2.508466
16.351074 	 2.498466
16.361074 	 2.488466
16.371075 	 2.478465
16.381075 	 2.468465
16.391075 	 2.458465
16.401075 	 2.448465
16.411076 	 2.438464
16.421076 	 2.428464
16.431076 	 2.418464
16.441076 	 2.408464
16.451077 	 2.398463
16.461077 	 2.388463
16.471077 	 2.378463
16.481077 	 2.368463
16.491077 	 2.358463
16.501078 	 2.348462
16.511078 	 2.338462
16.521078 	 2.328462
16.531078 	 2.318462
16.541079 	 2.308461
16.551079 	 2.298461
16.561079 	 2.288461
16.571079 	 2.278461
16.581079 	 2.268461
16.591080 	 2.258460
16.601080 	 2.248460
16.611080 	 2.238460
16.621080 	 2.228460
16.631081 	 2.218459
16.641081 	 2.208459
16.651081 	 2.198459
16.661081 	 2.188459
16.671082 	 2.178458
16.681082 	 2.168458
16.691082 	 2.158458
16.701082 	 2.148458
16.711082 	 2.138458
16.721083 	 2.128457
16.731083 	 2.118457
16.741083 	 2.108457
16.751083 	 2.098457
16.761084 	 2.088456
16.771084 	 2.078456
16.781084 	 2.068456
16.791084 	 2.058456
16.801085 	 2.048455
16.811085 	 2.038455
16.821085 	 2.028455
16.831085 	 2.018455
16.841085 	 2.008455
16.851086 	 1.998454
16.861086 	 1.988454
16.871086 	 1.978454
16.881086 	 1.968454
16.891087 	 1.958453
16.901087 	 1.948453
16.911087 	 1.938453
16.921087 	 1.928453
16.931087 	 1.918453
16.941088 	 1.908452
16.951088 	 1.898452
16.961088 	 1.888452
16.971088 	 1.878452
16.981089 	 1.868451
16.991089 	 1.858451
17.001089 	 1.848451
17.011089 	 1.838451
17.021090 	 1.828450
17.031090 	 1.818450
17.041090 	 1.808450
17.051090 	 1.798450
17.061090 	 1.788450
17.071091 	 1.778449
17.081091 	 1.768449
17.091091 	 1.758449
17.101091 	 1.748449
17.111092 	 1.738448
17.121092 	 1.728448
17.131092 	 1.718448
17.141092 	 1.708448
17.151093 	 1.698447
17.161093 	 1.688447
17.171093 	 1.678447
17.181093 	 1.668447
17.191093 	 1.658447
17.201094 	 1.648446
17.211094 	 1.638446
17.221094 	 1.628446
17.231094 	 1.618446
17.241095 	 1.608445
17.251095 	 1.598445
17.261095 	 1.588445
17.271095 	 1.578445
17.281096 	 1.568444
17.291096 	 1.558444
17.301096 	 1.548444
17.311096 	 1.538444
17.321096 	 1.528444
17.331097 	 1.518443
17.341097 	 1.508443
17.351097 	 1.498443
17.361097 	 1.488443
17.371098 	 1.478442
17.381098 	 1.468442
17.391098 	 1.458442
17.401098 	 1.448442
17.411098 	 1.438442
17.421099 	 1.428441
17.431099 	 1.418441
17.441099 	 1.408441
17.451099 	 1.398441
17.461100 	 1.388440
17.471100 	 1.378440
17.481100 	 1.368440
17.491100 	 1.358440
17.501101 	 1.348439
17.511101 	 1.338439
17.521101 	 1.328439
17.531101 	 1.318439
17.541101 	 1.308439
17.551102 	 1.298438
17.561102 	 1.288438
17.571102 	 1.278438
17.581102 	 1.268438
17.591103 	 1.258437
17.601103 	 1.248437
17.611103 	 1.238437
17.621103 	 1.228437
17.631104 	 1.218436
17.641104 	 1.208436
17.651104 	 1.198436
17.661104 	 1.188436
17.671104 	 1.178436
17.681105 	 1.168435
17.691105 	 1.158435
17.701105 	 1.148435
17.711105 	 1.138435
17.721106 	 1.128434
17.731106 	 1.118434
17.741106 	 1.108434
17.751106 	 1.098434
17.761106 	 1.088434
17.771107 	 1.078433
17.781107 	 1.068433
17.791107 	 1.058433
17.801107 	 1.048433
17.811108 	 1.038432
17.821108 	 1.028432
17.831108 	 1.018432
17.841108 	 1.008432
17.851109 	 0.998431
17.861109 	 0.988431
17.871109 	 0.978431
17.881109 	 0.968431
17.891109 	 0.958431
17.901110 	 0.948430
17.911110 	 0.938430
17.921110 	 0.928430
17.931110 	 0.918430
17.941111 	 0.908429
17.951111 	 0.898429
17.961111 	 0.888429
17.971111 	 0.878429
17.981112 	 0.868428
17.991112 	 0.858428
18.001112 	 0.848428
18.011112 	 0.838428
18.021112 	 0.828428
18.031113 	 0.818427
18.041113 	 0.808427
18.051113 	 0.798427
18.061113 	 0.788427
18.071114 	 0.778426
18.081114 	 0.768426
18.091114 	 0.758426
18.101114 	 0.748426
18.111115 	 0.738425
18.121115 	 0.728425
18.131115 	 0.718425
18.141115 	 0.708425
18.151115 	 0.698425
18.161116 	 0.688424
18.171116 	 0.678424
18.181116 	 0.668424
18.191116 	 0.658424
18.201117 	 0.648423
18.211117 	 0.638423
18.221117 	 0.628423
18.231117 	 0.618423
18.241117 	 0.608423
18.251118 	 0.598422
18.261118 	 0.588422
18.271118 	 0.578422
18.281118 	 0.568422
18.291119 	 0.558421
18.301119 	 0.548421
18.311119 	 0.538421
18.321119 	 0.528421
18.331120 	 0.518420
18.341120 	 0.508420
18.351120 	 0.498420
18.361120 	 0.488420
18.371120 	 0.478420
18.381121 	 0.468419
18.391121 	 0.458419
18.401121 	 0.448419
18.411121 	 0.438419
18.421122 	 0.428418
18.431122 	 0.418418
18.441122 	 0.408418
18.451122 	 0.398418
18.461123 	 0.388417
18.471123 	 0.378417
18.481123 	 0.368417
18.491123 	 0.358417
18.501123 	 0.348417
18.511124 	 0.338416
18.521124 	 0.328416
18.531124 	 0.318416
18.541124 	 0.308416
18.551125 	 0.298415
18.561125 	 0.288415
18.571125 	 0.278415
18.581125 	 0.268415
18.591125 	 0.258415
18.601126 	 0.248414
18.611126 	 0.238414
18.621126 	 0.228414
18.631126 	 0.218414
18.641127 	 0.208413
18.651127 	 0.198413
18.661127 	 0.188413
18.671127 	 0.178413
18.681128 	 0.168412
18.691128 	 0.158412
18.701128 	 0.148412
18.711128 	 0.138412
18.721128 	 0.128412
18.731129 	 0.118411
18.741129 	 0.108411
18.751129 	 0.098411
18.761129 	 0.088411
18.771130 	 0.078410
18.781130 	 0.068410
18.791130 	 0.058410
18.801130 	 0.048410
18.811131 	 0.038409
18.821131 	 0.028409
18.831131 	 0.018409
18.841131 	 0.008409
