-0.000000	0.000000
-0.000000	0.000000
-26815635019758013975556534178561008027305375534619878873221441359812043891762294998769980637062312177906184402965293832149213013257992261782928385831337984.000000	0.000000
2.000001	0.000000
0.000000	0.000000
-0.000000	0.000000
-2.000001	0.000000
-0.000000	0.000000
-26815635012912755256331075444266995119782381089313447353267985560950118371697536000248642465074571263893441578936928824568620075892416832324430414640840704.000000	0.000000
-0.000000	0.000000
-0.000000	0.000000
-2.000001	0.000000
-2.000001	0.000000
0.000000	0.000000
0.000000	0.000000
0.000000	0.000000
26815622220714259186970902261519831871310016776879818278722660560235047092262923838813784113407607995337340496035104578228416260474857587968420297438134272.000000	0.000000
26815622223365204175363895099943087706755523666819659297172468920989464784925141465030402479379597517496386227419068786106548916252341636498963380261879808.000000	0.000000
2.000000	0.000000
-0.000000	0.000000
26815622228787840648067883871386819627247855080355415517984559225659220969474893553804593089746160499390818467933484114277767468975707235503256880690495488.000000	0.000000
-0.000000	0.000000
-26815622230742107114103464999008371468186622499614800898154424216536251310031080486393650503756296201533110281460172263814186826123655818041148737809547264.000000	0.000000
-26815622231706792960676332959670299371900172365703982562968434771760855294807890612958864940686783860212947918788187629553181072444435426248194428025962496.000000	0.000000
-0.000000	0.000000
2.000000	0.000000
-0.000000	0.000000
-26815622234978088776216279317187494204582371349933075759785271720473441259480013062441848550375688916684762537705831282022482838354108544133981821787439104.000000	0.000000
2.000000	0.000000
0.000000	0.000000
0.000000	0.000000
0.000000	0.000000
-0.000000	0.000000
0.000000	0.000000
-2.000000	0.000000
-26815622238385606216767916329973450064454221935463202793554106826666945713460128932794122698579899231003193080154424566240357031476691472634528197999853568.000000	0.000000
-0.000000	0.000000
2.000000	0.000000
-0.000000	0.000000
26815622239862555157345102069494426724711494863652736066659543969991727178376575302809274756809768708387371470570043291898266026919259250114218329915785216.000000	0.000000
0.000000	0.000000
0.000000	0.000000
2.000000	0.000000
-2.000000	0.000000
-2.000000	0.000000
2.000000	0.000000
-0.000000	0.000000
0.000000	0.000000
2.000000	0.000000
0.000000	0.000000
0.000000	0.000000
0.000000	0.000000
2.000000	0.000000
0.000000	0.000000
0.000000	0.000000
-0.000000	0.000000
26815622242305880955138713779385187225902435721344751713106588813253263202899951133751337139413886081064222489234334333003036851921021986190611969646526464.000000	0.000000
-26815622242358635723807460138580974563121611925013217479143598327864721276825505015598610247694575152859004248237927904875243850133557213135570645427421184.000000	0.000000
-2.000000	0.000000
0.000000	0.000000
-26815622242470165020865506194348050478861159269360173716574662122242511478033129142108911894557508223263976836036608626629003362946085129152051565975044096.000000	0.000000
0.000000	0.000000
-26815622242505229674668017177339471655936072211053581718402195872981436601887258578925908659192381580351953109035724038000947721013085123675625114696679424.000000	0.000000
-2.000000	0.000000
-26815622242508689101371915781706599471164553178811073660847737919029885489127749189010927358505144599619759903841715896382183868412801034155875790839873536.000000	0.000000
26815622242498554946036226582682758607965113235397560259742208551776081692082456558434848483754158956256924852620032345668132366047368194848841968472031232.000000	0.000000
-26815622242480519483925884289002844404304065298500067843791181258349658835883754221175775092672645728439047431850067906706403811015114334530977427959578624.000000	0.000000
2.000000	0.000000
2.000000	0.000000
-26815622242379249381722945454104204333037276486762678933096208591926218777043368168979565044632243952695746285446781284764812769751141519646117703616299008.000000	0.000000
2.000000	0.000000
-0.000000	0.000000
-2.000000	0.000000
-0.000000	0.000000
-26815622242055700693834569786797219218234475614173428226472612653498225517557964965176069172074189384720955540244041882737289510623494601253103089253089280.000000	0.000000
-0.000000	0.000000
-0.000000	0.000000
2.000000	0.000000
2.000000	0.000000
2.000000	0.000000
2.000000	0.000000
-0.000000	0.000000
26815622241155856769474190296975260174827565574037925138649915147271226321161434948466024503673803756723417378711639835021809283550402196367795545679331328.000000	0.000000
0.000000	0.000000
-0.000000	0.000000
2.000000	0.000000
26815622240349560268426979435745289264044862908150194697577494896581542903483231911180642115656928964726761408568115733997553001050350530820213256642101248.000000	0.000000
0.000000	0.000000
2.000000	0.000000
-2.000000	0.000000
-2.000000	0.000000
-26815622238555165759361583380855892051134863103845471373625881087117339795985862329336424764551590280382425602857058217053544242323008138290463661906460672.000000	0.000000
-2.000000	0.000000
-0.000000	0.000000
-2.000000	0.000000
-0.000000	0.000000
26815622236507077973922679862506572594782714257813623795324508317263701682196610778658486722191700887013229028989554727563359008105655766703845636132831232.000000	0.000000
-0.000000	0.000000
0.000000	0.000000
-2.000000	0.000000
-0.000000	0.000000
-0.000000	0.000000
0.000000	0.000000
-0.000000	0.000000
26815622231164746643999208263351055552064088200810214954483202134892448324174392008673706090536385479757196515752957289216119663609430416661928846794162176.000000	0.000000
0.000000	0.000000
2.000000	0.000000
0.000000	0.000000
-0.000000	0.000000
26815622224238498041767847951429379059794453267659712176105885905133789991295255594702412069921789853040997542066930908655192686775807113963551879218593792.000000	0.000000
26815622222237830005502521860239794406333220819598029536937554193334965884361885659716537575456641742716230079791370896184223765624440131472831245535150080.000000	0.000000
-0.000000	0.000000
-0.000000	0.000000
0.000000	0.000000
0.000000	0.000000
0.000000	0.000000
-0.000000	0.000000
-2.000001	0.000000
-0.000000	0.000000
0.000000	0.000000
-26815635015469843199743769314292599059450701241281953623406125639670629335320418881594090852962079765883057867073303249893524863405319302713508079142436864.000000	0.000000
2.000001	0.000000
-0.000000	0.000000
-0.000000	0.000000
26815635019343912858558192977320666950377379209955004309951023672150297315317543777457079636882054516945497383391600588018696071419709256326828947396362240.000000	0.000000
2.000001	0.000000
-0.000000	0.000000
-26815635021660127053469141337763157917149022822058486415386998637542148581131808517013635663326335512119526619752424860237702223978898400436972269906952192.000000	0.000000
26815635022113883560911483752575050197900914577471891678635574718805736102536400466667714869053928299282611665845749389771029392464527298833638839346528256.000000	0.000000
0.000000	0.000000
2.000001	0.000000
26815635023430883139101701834412456289341175049775872370132412924093542596813777544576399939953758212826697235481059523871026808563603676604251667932643328.000000	0.000000
-26815635023853683434093839698269619634855764651366212902271913106207584912085304637376757600540120471292144542854329540970538606427678326142358400421330944.000000	0.000000
-0.000000	0.000000
0.000000	0.000000
-0.000000	0.000000
26815635025452825756456579928018129899448470316766158641586324206513894886381007978415582201449030708424913368740800104321611486443344063821195478655041536.000000	0.000000
0.000000	0.000000
2.000001	0.000000
0.000000	0.000000
-0.000000	0.000000
-0.000000	0.000000
-2.000001	0.000000
0.000000	0.000000
0.000000	0.000000
26815635027915752987484673919452065560247258585572913486881431727213457996611260037240401138506875894233640408922001984997861480532653748780524102660128768.000000	0.000000
-2.000001	0.000000
0.000000	0.000000
2.000001	0.000000
-26815635028406723637610951407060083219963016173145225187797198493163457816213900718445886317908769663193270149572037555637429477328479618780575742486904832.000000	0.000000
-26815635028511911644755654926422699371127120779692303768249772994870683361808577341099828386857601846300111521418254715986685552996949970835839847040548864.000000	0.000000
-26815635028609871176825430897245396128681284087000836362249872377984420182601264978137225359479937806702792051793776323711465410174447663126862435522183168.000000	0.000000
-26815635028700489102826520156906873271473455942941059894226988382823221585205441561414160961615807669416650244827149977246806076742909696859969217317830656.000000	0.000000
-0.000000	0.000000
-0.000000	0.000000
-26815635028927483464672865241739943323031769082044098313936798058391236952278115448283640951117467882061397987320829180461721132370051960609705063457226752.000000	0.000000
-0.000000	0.000000
-0.000000	0.000000
0.000000	0.000000
-26815635029122878553683427377560367392804284465744366099294642779778325908704862196218191100252805645043063698772513904452504975862439771831574578629443584.000000	0.000000
2.000001	0.000000
0.000000	0.000000
2.000001	0.000000
-0.000000	0.000000
-26815635029190751195676095520728852703973741525069066016569571838136792114650391394770907371278942747682873774492825769663711248167709416520692405404434432.000000	0.000000
-26815635029180617040340406321705011840774301581655552615464042470882988317605098764194828496527957104320038723271142218949659745802276577213658583036592128.000000	0.000000
2.000001	0.000000
-2.000001	0.000000
2.000001	0.000000
26815635029061317430289954622738104945907099051553816713848069261542675228533722062536593282361829988915947603249020231812917148038579533526390859792121856.000000	0.000000
2.000001	0.000000
-26815635028954849256636923736871302081706637460380471751939743400282237099881032563517282847918601852035305093910052211649606387876238405647970308817158144.000000	0.000000
2.000001	0.000000
0.000000	0.000000
-0.000000	0.000000
26815635028650372072591211115670875301115238549456017416491829343942336414976165373659251508749153051211607573773736083968209428441001231262258475325980672.000000	0.000000
0.000000	0.000000
-2.000001	0.000000
-26815635028344352734472676225053777084819577038446897998266986905629030804433971044365729906030641217702261241494989850743369849080589494373302364517957632.000000	0.000000
0.000000	0.000000
0.000000	0.000000
26815635027974712098021685933984422920647290500778912134206315272775834728892392603611924650718544425713542099402090421643300949641065014831199137375977472.000000	0.000000
26815635027837918863778370035997513407636753920295917494371749066378132946684077154226004516447601904786531249362749708303336663305310578732612160243892224.000000	0.000000
0.000000	0.000000
-26815635027544748824845744247315461362189736003814625290944634227673351774463705090962552368319352714271895869220544663351659917143843652198872846539161600.000000	0.000000
-0.000000	0.000000
-2.000001	0.000000
-0.000000	0.000000
-26815635026347281072956325619299209987981412584405052077234812501598301581998460538796983284861377554258311858501390393284908041577119947218332864036732928.000000	0.000000
2.000001	0.000000
26815635025617901739139686481330094700471544929689922174047955333273270015219840463780570875712441975517298186643241208902318802294848198338355109281398784.000000	0.000000
2.000001	0.000000
26815635024846360270227856263285881203610775841772037633241677806825920771074759097865677554629470356440071237640120683388002954170255688510606205180182528.000000	0.000000
0.000000	0.000000
-0.000000	0.000000
0.000000	0.000000
0.000000	0.000000
2.000001	0.000000
-0.000000	0.000000
26815635021859255465273755840086489284939193226040935694571615928416978419313783513697422859740679149595021694962038835872264147367365171850093375340412928.000000	0.000000
0.000000	0.000000
2.000001	0.000000
-0.000000	0.000000
-26815635018807398052049608390221839206870484062353336554360642258653678668688203136629721770658604234423984383755279776831666299304731924599690523026915328.000000	0.000000
-2.000001	0.000000
26815635016877121310953799167927581630226983113136868620168555070752897152042406338347962703517869917187017142127629832833974029718668717836204817682268160.000000	0.000000
-0.000000	0.000000
2.000001	0.000000
-2.000001	0.000000
-0.000000	0.000000
-0.000000	0.000000
-2.000001	0.000000
-2.000001	0.000000
0.000000	0.000000
0.000000	0.000000
0.000000	0.000000
-0.000000	0.000000
-0.000000	0.000000
-0.000000	0.000000
-26815622227348093941648974345438673585833179547258497832486259266001752150821072539746750555279016227489009877772318282192945304778277166596038735939239936.000000	0.000000
-0.000000	0.000000
-26815622229768775677902265242234447716432187323398462089741571921445300020136899678514413431021794938762299380692741789005390710569851249391204628040777728.000000	0.000000
0.000000	0.000000
0.000000	0.000000
0.000000	0.000000
-2.000000	0.000000
-26815622234517687311456293455777125776162691711529376163026842070552247958109177531281950293988812946212086470952460428989225307565410874487814814179524608.000000	0.000000
2.000000	0.000000
-2.000000	0.000000
-0.000000	0.000000
-0.000000	0.000000
-0.000000	0.000000
0.000000	0.000000
-2.000000	0.000000
2.000000	0.000000
-26815622238385600262505086900361802684393587716930057368524080076157395887492417244997074473624111342846105633003295492473780032944161841119071656388591616.000000	0.000000
-0.000000	0.000000
0.000000	0.000000
26815622239509616228130661839095973630618191311457667411823907516425792942266281132775740502482698197028941587394195778046678011225351171427714322363580416.000000	0.000000
0.000000	0.000000
-0.000000	0.000000
26815622240533713709215578464775459779339973701271900026244834655938560432870312098288143548264733887127326898688109186690963615126794040860132209751752704.000000	0.000000
-0.000000	0.000000
-26815622240947814826213919666015800856267970025936774589515252343600307009315063319601044548444991548088013918261802430821480556965077046316231648186728448.000000	0.000000
-2.000000	0.000000
0.000000	0.000000
26815622241366732941841269423078872402249049143916298002077311193487862793638569968725959537857650728132445683098916352112789311619831947776673250132623360.000000	0.000000
-0.000000	0.000000
-2.000000	0.000000
26815622241724661543306771668037829987153827826887232832075364574056551190691258512685906305134971515130156278920927682355902097573571236415759127922343936.000000	0.000000
26815622241829855504714304617012093518378566651967456837557965826273326562253646823136896599039591586394085097918273916471735171774571219986479774087249920.000000	0.000000
-2.000000	0.000000
-0.000000	0.000000
2.000000	0.000000
0.000000	0.000000
-0.000000	0.000000
0.000000	0.000000
-0.000000	0.000000
-26815622242403626133746630284188578301273767161460049006025725178023206288855018010094998013627858067811754922169209285131044761927452943925199060122730496.000000	0.000000
-2.000000	0.000000
0.000000	0.000000
-0.000000	0.000000
-0.000000	0.000000
0.000000	0.000000
